EntrezId	ModuleDC
6194	0
6188	0
6217	0
6202	0
6210	0
6187	0
6224	0
6207	0
6201	0
6223	0
6208	0
6209	0
6228	0
6189	0
6193	0
6191	0
6206	0
6205	0
6234	0
6227	0
6204	0
6231	0
6229	0
2197	0
6235	0
6233	0
6232	0
6125	0
6124	0
6141	0
7311	0
6128	0
6135	0
6129	0
6147	0
6152	0
6133	0
6132	0
4736	0
6142	0
6137	0
6168	0
6160	0
6136	0
6143	0
11224	0
6144	0
23521	0
6155	0
6146	0
6156	0
6122	0
9349	0
25873	0
6175	0
6161	0
6154	0
6157	0
6169	0
6139	0
6164	0
6165	0
6176	0
6181	0
6167	0
6159	0
6170	0
6158	0
23480	0
6192	0
51121	0
6123	0
1915	0
1938	0
9775	0
4116	0
2107	0
10952	0
10921	0
60559	0
6185	0
28972	0
6746	0
6728	0
1650	0
26986	0
6130	0
6134	0
22916	0
6230	0
9045	0
6726	0
7157	1
4193	1
2033	1
1387	1
3065	1
2099	1
7329	1
10524	1
367	1
672	1
5925	1
1956	2
6714	2
2885	2
867	2
6464	2
5295	2
5781	2
1398	2
5747	2
2185	2
2534	2
5159	2
3717	2
7409	2
5777	2
6628	3
6634	3
6632	3
6633	3
6635	3
6636	3
6637	3
6627	3
5434	3
5432	3
5439	3
5435	3
5437	3
4809	3
5436	3
51639	3
6626	3
84844	3
5441	3
5438	3
9410	3
6629	3
83443	3
5440	3
10907	3
5433	3
9343	3
7307	3
8106	3
8175	3
10992	3
5347	4
991	4
9212	4
3619	4
10403	4
699	4
4085	4
332	4
9700	4
9735	4
55055	4
151648	4
113130	4
55143	4
1062	4
57082	4
2491	4
54908	4
401541	4
83540	4
64105	4
348995	4
79980	4
64946	4
147841	4
91687	4
54821	4
79019	4
378708	4
81930	4
55166	4
1058	4
1063	4
11004	4
79682	4
80152	4
151246	4
3320	5
3326	5
11140	5
2289	5
207	5
1147	5
8517	5
3551	5
9020	5
5705	6
5701	6
10213	6
5700	6
5714	6
5702	6
5706	6
5709	6
5710	6
9861	6
5704	6
5708	6
5719	6
5713	6
5718	6
5689	6
5682	6
5690	6
5687	6
5695	6
5686	6
5688	6
5691	6
5694	6
5683	6
5707	6
5693	6
51377	6
5685	6
5684	6
5717	6
5692	6
6500	6
9978	6
143471	6
9184	6
5711	6
7321	6
7314	6
1017	7
983	7
891	7
5111	7
890	7
990	7
1026	7
898	7
8900	7
81620	7
7027	7
5422	7
4088	8
4087	8
4089	8
4086	8
7046	8
57154	8
7048	8
4092	8
1499	8
64750	8
3178	9
11338	9
6426	9
23450	9
10946	9
4670	9
23451	9
3181	9
10236	9
3187	9
3185	9
220988	9
6430	9
8683	9
6427	9
6431	9
2521	9
6429	9
7532	10
7529	10
7534	10
10971	10
7531	10
7533	10
5894	10
3875	10
8471	10
572	10
3066	11
25942	11
5928	11
5931	11
9219	11
1108	11
1107	11
53615	11
9112	11
57504	11
57459	11
8932	11
7316	12
7189	12
7186	12
6885	12
23118	12
10892	12
257397	12
5469	13
9968	13
9441	13
1024	13
80306	13
219541	13
84246	13
29079	13
23097	13
55588	13
55090	13
112950	13
10001	13
9440	13
9282	13
54797	13
9412	13
400569	13
9862	13
9477	13
90390	13
9439	13
10025	13
23091	13
9969	13
9442	13
6837	13
5594	14
5595	14
1432	14
5599	14
596	14
4609	14
5970	15
4790	15
6667	15
9612	15
6256	15
5468	15
1051	15
6117	16
6118	16
6119	16
23649	16
5557	16
5426	16
4171	16
5985	16
5984	16
5983	16
5427	16
4176	16
4172	16
5430	17
5431	17
2962	17
6829	17
6749	17
1025	17
9150	17
2068	17
2071	17
5903	18
55746	18
79902	18
57122	18
10762	18
23279	18
23636	18
23165	18
9631	18
53371	18
23225	18
4686	18
9972	18
3837	18
4927	18
9688	18
1457	19
1459	19
1460	19
6045	19
23429	19
84333	19
26053	19
10336	19
3725	20
2353	20
7341	20
6613	20
6612	20
5371	20
6996	20
5515	21
5518	21
5519	21
29966	21
6801	21
29888	21
25843	21
8428	21
10494	21
5516	21
51765	21
85369	21
80143	21
7871	21
26127	21
6788	21
5335	22
5336	22
6850	22
4067	22
695	22
930	22
974	22
118788	22
10987	23
10980	23
8533	23
50813	23
1642	23
8451	23
8450	23
9318	23
51138	23
2873	23
10920	23
1643	23
1161	23
64708	23
8452	23
386681	24
100996763	24
3846	24
386678	24
83899	24
85291	24
3198	24
353132	24
54507	24
83755	24
199834	24
5879	25
998	25
387	25
5578	25
2316	25
5337	25
6908	26
2959	26
6882	26
6880	26
6884	26
6881	26
6877	26
8665	27
8662	27
8661	27
8667	27
8666	27
3646	27
8664	27
8668	27
8663	27
8894	27
1965	27
1968	27
1983	27
1977	27
1973	27
1981	27
1974	27
27335	27
1964	27
8669	27
1975	27
88	28
7136	28
7137	28
4632	28
7125	28
4703	28
7139	28
4634	28
7169	28
7170	28
7168	28
4624	28
7138	28
4633	28
4621	28
4626	28
4635	28
8557	28
25	29
5921	29
3055	29
613	29
3815	29
1796	29
1399	29
6774	30
6772	30
3716	30
6776	30
6777	30
3560	30
3718	30
5771	30
22948	31
10575	31
908	31
10576	31
7203	31
6950	31
10574	31
10694	31
7283	31
121441	31
5531	31
3476	31
6597	32
6599	32
6598	32
6601	32
6605	32
6595	32
6602	32
8289	32
5977	32
6760	32
57492	32
6603	32
86	32
6604	32
1742	33
1739	33
1740	33
2904	33
8825	33
1741	33
3768	33
841	34
836	34
843	34
8837	34
839	34
7185	34
8737	34
5566	35
5567	35
5577	35
5576	35
10142	35
55755	35
3312	36
3303	36
10273	36
3337	36
3297	36
3308	36
9531	36
7520	37
2547	37
5591	37
142	37
3014	37
7486	37
472	37
11091	38
5929	38
9070	38
22976	38
80335	38
84661	38
3054	38
9739	38
30827	38
2335	39
7057	39
1277	39
4318	39
1634	39
4313	39
8945	40
23291	40
8454	40
4792	40
997	40
4738	40
8607	41
10856	41
8089	41
55929	41
55257	41
10902	41
80314	41
10933	41
9643	41
8295	41
57634	41
54799	41
5499	42
5501	42
5500	42
4637	42
103910	42
140465	42
10398	42
8841	43
9611	43
10014	43
9759	43
7704	43
604	43
9734	43
3190	44
27316	44
10656	44
202559	44
3276	44
996	45
8881	45
64682	45
51434	45
29945	45
8697	45
246184	45
51433	45
51343	45
29882	45
119504	45
10393	45
25906	45
51529	45
7415	46
23197	46
267	46
55666	46
7353	46
80124	46
8850	47
8202	47
8648	47
5914	47
10499	47
10594	48
9128	48
23020	48
9416	48
51362	48
1479	48
53981	48
51692	48
10250	48
60	49
71	49
1072	49
1073	49
10487	49
3932	50
7535	50
919	50
27040	50
916	50
3937	50
5108	51
8481	51
9851	51
9662	51
22832	51
22994	51
117178	51
145508	51
4174	52
4173	52
4175	52
8318	52
8317	52
4998	52
5001	52
23594	52
5000	52
4999	52
10926	52
63967	52
23595	52
5394	53
54512	53
11340	53
118460	53
23016	53
23404	53
5393	53
56915	53
51013	53
51010	53
115752	53
10200	53
23517	53
51678	53
351	54
4035	54
811	54
8290	55
121504	55
6872	55
25842	55
55723	55
8968	55
9146	56
7251	56
55048	56
137492	56
51160	56
4722	57
4695	57
4719	57
374291	57
4723	57
4729	57
4720	57
4728	57
4704	57
3665	58
3659	58
6773	58
4600	58
2634	58
3434	58
4939	58
9636	58
3437	58
3433	58
506	59
498	59
539	59
513	59
509	59
515	59
516	59
9551	59
10476	59
521	59
514	59
522	59
518	59
517	59
4508	59
6606	60
6607	60
8487	60
11218	60
50628	60
25929	60
79833	60
10419	60
2932	61
4137	61
6622	61
120892	61
5071	61
3667	62
8660	62
3643	62
3480	62
8651	62
9021	62
5296	62
8350	63
1788	63
23468	63
10951	63
10919	63
11335	63
9126	64
10735	64
10274	64
5885	64
23063	64
23244	64
23047	64
8243	64
25836	64
7514	64
329	65
330	65
331	65
56616	65
27429	65
842	65
79444	65
6810	66
10228	66
8417	66
8673	66
8773	66
56893	67
29979	67
29978	67
5886	67
6184	67
11047	67
2189	68
2175	68
57697	68
55120	68
2176	68
201254	68
2188	68
199990	68
2178	68
1213	69
1173	69
2060	69
160	69
161	69
29924	69
163	69
11030	70
84528	70
6310	70
9802	70
23543	70
54715	70
65005	71
54148	71
51253	71
3396	71
10573	71
11222	71
54534	71
648	72
7703	72
6015	72
8535	72
57332	72
1912	72
1911	72
23466	72
100532731	72
7846	73
7277	73
10383	73
203068	73
7280	73
84790	73
6921	74
6923	74
8065	74
8453	74
9616	74
51666	74
5829	75
9564	75
7414	75
5310	75
7094	75
9533	76
51082	76
55718	76
171568	76
10621	76
11128	76
55703	76
661	76
6741	76
51728	76
27297	76
408	77
409	77
1856	77
83737	77
4851	77
11007	78
23641	78
9513	78
3192	79
1660	79
4904	79
10949	79
5725	79
3654	80
3656	80
4615	80
51135	80
114609	80
353376	80
7099	80
10097	81
10094	81
10109	81
10096	81
10095	81
81873	81
100526693	81
10552	81
10092	81
57180	81
10093	81
3801	82
2801	82
166	82
26003	82
4236	82
8878	83
23001	83
11345	83
2773	84
2770	84
4543	84
4544	84
2782	84
2771	84
59345	84
6929	85
4654	85
4656	85
3398	85
3399	85
2965	86
1022	86
2967	86
2968	86
728340	86
404672	86
2966	86
7187	87
7188	87
57506	87
8767	87
958	87
7431	88
2670	88
6093	88
5580	89
5590	89
5588	89
5170	89
10000	89
23411	90
1786	90
6839	90
2146	90
1789	90
545	91
1111	91
2177	91
641	91
11073	91
5883	91
3376	92
2058	92
7965	92
5917	92
4141	92
1615	92
5859	92
3735	92
9255	92
51520	92
9521	92
92	93
90	93
657	93
4091	93
658	93
1315	94
9276	94
22820	94
1314	94
26958	94
11316	94
22818	94
372	94
84955	94
375	94
112869	95
2648	95
23326	95
8464	95
10474	95
6871	95
6314	95
1639	96
10540	96
10121	96
10120	96
1780	96
51164	96
55860	96
5663	97
5664	97
23385	97
55851	97
51107	97
83464	97
3866	98
83878	98
3880	98
149371	98
11170	98
30011	99
23607	99
6456	99
10015	99
6457	99
55660	100
79753	100
6733	100
23524	100
9584	100
4690	101
10006	101
8936	101
10787	101
26999	101
55845	101
2475	102
57521	102
253260	102
9894	102
9675	102
5340	103
5327	103
2159	103
3688	104
3675	104
928	104
7106	104
3655	104
5933	105
5934	105
7029	105
132660	105
4605	105
55957	105
286826	105
1874	105
10189	106
10482	106
8480	106
6432	106
6428	106
129401	106
5987	107
373	107
7322	107
580	108
4361	108
10111	108
4683	108
9656	108
9025	108
128866	109
27243	109
25978	109
51510	109
27183	109
9525	109
92421	109
598	110
581	110
4170	110
578	110
637	110
7416	110
28964	111
57562	111
3064	111
5976	112
65109	112
65110	112
23049	112
9939	112
26019	112
23381	112
6804	113
6844	113
6616	113
6857	113
10815	113
7528	114
83444	114
79913	114
54617	114
283899	114
93973	114
10445	114
125476	114
4798	114
26524	115
9113	115
154796	115
10413	115
4771	115
154810	115
25804	116
51690	116
51691	116
27258	116
11157	116
23658	116
57819	116
27257	116
2147	117
5624	117
5104	117
7056	117
1454	118
1453	118
8863	118
8864	118
5187	118
1407	118
2091	119
51602	119
10528	119
117246	119
4839	119
10969	119
3728	120
1500	120
999	120
1001	120
1495	120
80789	121
26512	121
55174	121
7979	121
57508	121
54973	121
55756	121
29110	122
9641	122
148022	122
3661	122
64343	122
2902	123
2906	123
6709	123
5579	123
6790	124
4751	124
10733	124
55835	124
22995	124
55125	124
5058	125
5062	125
5063	125
8874	125
9459	125
9815	125
6399	126
7109	126
27095	126
22878	126
51399	126
79090	126
100128327	126
87	127
81	127
815	127
1487	128
1488	128
10320	128
5932	128
1822	129
473	129
30008	129
5359	129
7132	130
8717	130
8772	130
1612	130
7408	131
51466	131
7454	131
51225	131
55740	131
3091	132
2034	132
7428	132
54583	132
112399	132
54623	133
123169	133
9646	133
79577	133
80349	133
23168	133
4297	133
26088	134
23062	134
23163	134
26994	134
27342	134
27339	135
988	135
10291	135
22938	135
5356	135
9092	135
1282	136
1284	136
1291	136
8655	137
140735	137
10018	137
1019	138
1021	138
595	138
1029	138
1027	138
7220	139
7222	139
7225	139
7223	139
7224	139
3710	139
4599	139
23019	140
4849	140
246175	140
4848	140
9125	140
29883	140
27327	140
55212	141
583	141
582	141
585	141
27241	141
129880	141
123016	141
3265	142
6014	142
4301	142
5900	142
84447	143
6400	143
10956	143
27248	143
51009	143
529	144
525	144
523	144
51382	144
526	144
51606	144
9296	144
7343	145
9015	145
9013	145
54700	145
79101	145
9014	145
84062	146
26258	146
23557	146
282991	146
63915	146
2647	146
55330	146
388552	146
10440	147
10469	147
92609	147
80273	147
9512	147
23203	147
134266	147
84612	148
50855	148
5584	148
56288	148
5582	148
6874	149
6878	149
6883	149
6879	149
129685	149
6873	149
83860	149
9984	150
8563	150
7919	150
57187	150
84321	150
80145	150
79228	150
9368	151
5174	151
1080	151
6811	152
9527	152
8615	152
4905	152
23256	152
8204	153
10891	153
2101	153
2104	153
190	153
11043	154
57159	154
705	154
7040	155
7042	155
2022	155
7049	155
7043	155
335	156
338	156
348	156
336	156
5360	156
6386	157
27111	157
84285	157
8312	158
324	158
5525	158
1452	158
4300	159
27125	159
4299	159
22936	159
904	159
4298	159
5601	160
23162	160
5609	160
9479	160
23542	160
4296	160
27161	161
26523	161
192669	161
23405	161
57690	161
83548	162
10466	162
9382	162
91949	162
84342	162
25839	162
22796	162
57511	162
2064	163
2065	163
2066	163
4582	163
6654	163
115106	164
54930	164
55142	164
54801	164
93323	164
23354	164
79441	164
27072	165
64601	165
57617	165
55823	165
65082	165
7405	165
5562	166
5563	166
5571	166
51422	166
5564	166
5565	166
4869	167
4691	167
2078	167
2908	168
10728	168
2288	168
4306	168
51116	169
64965	169
51081	169
6183	169
64960	169
55173	169
64969	169
8829	170
7422	170
2321	170
8828	170
5228	170
1234	171
729230	171
6347	171
1756	172
7402	172
1837	172
6640	172
6645	172
3339	173
4811	173
2199	173
284217	173
5549	173
22919	174
10982	174
22924	174
9793	174
4005	174
6303	175
3336	175
9094	175
7917	176
8266	176
6449	176
439	176
51608	176
4436	177
2956	177
4437	177
4292	177
5395	177
6722	178
1385	178
2274	178
2275	178
9457	178
7082	179
9414	179
9076	179
150684	180
23412	180
28952	180
54520	180
51122	180
170622	180
7430	181
4478	181
3383	181
6693	181
857	182
5957	182
156	182
1778	183
1783	183
51143	183
1781	183
83658	183
6993	183
6990	183
79003	184
11130	184
25936	184
11243	184
10910	184
9001	185
10989	185
9638	185
4715	185
200081	186
167838	186
54535	186
8500	187
8541	187
8499	187
5789	187
5802	187
5792	187
8431	188
6258	188
7421	188
7376	188
23054	188
3827	189
2161	189
2811	189
2160	189
801	190
818	190
6261	190
3579	191
3577	191
6372	191
2921	191
6374	191
93	192
91	192
3625	192
3624	192
3626	192
5861	193
81876	193
9230	193
1020	194
8851	194
273	194
5424	195
5425	195
10714	195
3978	195
328	195
1410	196
1409	196
1415	196
3315	196
1420	196
102724652	196
7013	197
7014	197
54386	197
25913	197
26277	197
65057	197
10844	198
10426	198
85378	198
114791	198
27229	198
80097	198
440145	198
55004	199
28956	199
8649	199
58528	199
64121	199
10325	199
6271	200
6285	200
6286	200
27101	200
6275	200
7334	201
7324	201
22954	201
9463	202
23426	202
2891	202
2892	202
5888	203
675	203
79728	203
5537	204
23243	204
92597	204
55233	204
22870	204
10557	205
10799	205
54913	205
10940	205
10556	205
1616	206
355	206
4217	206
23028	207
23186	207
51317	207
10362	207
60412	208
55770	208
5898	208
10640	208
11336	208
54536	208
1659	209
3269	209
84950	209
10523	209
54819	209
8726	210
23512	210
3720	210
2145	210
121536	210
55072	211
10616	211
81858	211
7128	211
7124	211
162	212
10053	212
8907	212
164	212
8905	212
1174	212
2778	213
2776	213
7253	213
23471	214
6747	214
6730	214
6734	214
6731	214
58477	214
8573	215
320	215
64130	215
57599	216
23239	216
23035	216
64854	216
219333	216
91833	216
1053	217
1649	217
468	217
1054	217
467	217
567	218
925	218
3105	218
920	219
5788	219
914	219
3956	219
2549	220
9846	220
3635	220
4233	220
2057	220
9330	221
2975	221
9329	221
9328	221
2976	221
112495	221
1737	222
5160	222
1738	222
5162	222
4967	222
8819	223
25855	223
84312	223
3621	223
5947	223
112597	223
54205	224
7384	224
7381	224
7386	224
1537	224
6478	225
6477	225
57630	225
2130	226
11060	226
7874	226
387082	227
2597	227
2023	227
5230	227
7167	227
8976	228
29993	228
29763	228
11252	228
356	228
3690	229
3685	229
5029	229
9869	230
10036	230
4152	230
5868	231
8766	231
7879	231
5876	231
5202	232
5204	232
5203	232
10471	232
7411	232
5201	232
7088	233
7089	233
3280	233
3146	233
5901	234
5902	234
1104	234
4734	235
7332	235
5728	235
55663	236
7572	236
54925	236
252884	236
5087	237
4211	237
5316	237
4804	238
57498	238
4915	238
5880	239
399	239
398	239
10592	240
10051	240
23397	240
64151	240
9918	240
54948	241
51073	241
29088	241
64837	242
3831	242
3798	242
89953	242
3799	242
1937	243
1933	243
1936	243
7407	243
3572	244
3977	244
1270	244
1271	244
2961	245
2960	245
2963	245
6643	246
6642	246
58533	246
3953	246
8723	246
55802	247
196513	247
80153	247
167227	247
23644	247
8861	248
3670	248
8022	248
51132	248
4009	248
10048	249
54994	249
64795	249
4289	249
10296	249
2067	250
84464	250
80198	250
548593	250
2072	250
6502	251
9134	251
1018	251
8467	252
11177	252
54108	252
54107	252
3627	253
6352	253
2833	253
9897	254
23325	254
387680	254
51019	254
55747	254
8408	255
9821	255
9776	255
11337	255
60673	255
6840	256
2017	256
4638	256
10672	257
2768	257
6915	257
5148	258
5145	258
2792	258
2779	258
5158	258
6955	259
6957	259
917	259
915	259
3123	259
26121	260
84914	260
23281	260
8904	261
131034	261
5536	261
10912	262
4616	262
1647	262
5465	262
90480	262
89780	263
7471	263
8325	263
4040	263
6259	263
27043	264
81887	264
57418	264
54881	264
26168	264
79677	265
56160	265
197370	265
286053	265
23137	265
29086	266
9577	266
79184	266
84142	266
51720	266
4688	267
1535	267
4689	267
4687	267
1536	267
84461	268
79959	268
9738	268
80184	268
79598	268
5830	269
5195	269
5194	269
5191	269
8550	270
29904	270
5600	270
9261	270
1236	271
10563	271
2826	271
6366	271
6363	271
9958	272
7375	272
9733	272
2922	272
25885	273
84172	273
4793	273
64425	273
10849	273
9794	274
4854	274
3516	274
3689	275
3684	275
3384	275
5581	276
5587	276
11033	276
10484	277
10427	277
9871	277
9632	277
10802	277
9456	278
3708	278
2911	278
64769	279
84289	279
11143	279
79960	279
51147	279
84676	280
84675	280
27063	280
5621	281
322	281
333	281
334	281
834	282
29108	282
58484	282
862	283
9139	283
863	283
861	283
22834	283
7161	284
8626	284
23368	284
9217	285
9218	285
22930	285
712	286
713	286
714	286
708	286
5806	286
989	287
4735	287
5413	287
23157	287
55752	287
2125	288
3848	288
3852	288
1832	288
2735	289
2737	289
27148	289
51684	289
5610	290
6895	290
8575	290
5966	291
4791	291
1326	291
79155	291
5093	292
5094	292
9444	292
5345	293
5265	293
3273	293
2200	294
2201	294
4237	294
2006	294
8076	294
56946	295
5927	295
57798	295
57649	295
23309	295
4602	296
51701	296
28996	296
23764	297
4097	297
4778	297
4780	297
6789	298
11186	298
83593	298
4131	298
55201	298
1759	299
1785	299
274	299
1289	300
50509	300
3674	300
6732	301
140890	301
3183	301
8079	302
10049	302
10963	302
9532	302
5892	303
126074	303
5889	303
5890	303
7517	303
56993	304
9804	304
10452	304
9868	304
54543	304
4985	305
2769	305
4988	305
718	306
727	306
717	306
821	307
2923	307
5589	307
23193	307
8546	308
8943	308
1176	308
10239	308
7781	308
3364	309
5810	309
144715	309
5884	309
135458	309
5289	310
8678	310
22863	310
30849	310
29982	310
8892	311
8893	311
8891	311
1967	311
8890	311
6383	312
6382	312
9672	312
2247	312
3737	313
3739	313
3741	313
3738	313
8514	313
4312	314
4316	314
960	314
9810	315
56254	315
51421	315
3638	316
22937	316
6721	316
51141	316
4800	317
11244	317
22882	317
23051	317
4831	318
4830	318
654364	318
23327	319
6340	319
6337	319
6338	319
11052	320
79869	320
10978	320
11051	320
57142	321
23204	321
10087	321
84687	322
55607	322
5997	322
2010	323
80342	323
89885	323
147872	323
9140	324
9474	324
83734	324
3122	325
3109	325
3732	325
3108	325
967	325
3481	326
7018	326
3488	326
8314	327
55252	327
3607	327
1736	328
54433	328
55651	328
55505	328
92345	328
55737	329
51699	329
9559	329
9779	329
7268	329
8100	330
127733	330
28981	330
80173	330
9699	331
9501	331
5864	331
440023	332
8601	332
10539	332
51493	333
1653	333
79074	333
51637	333
283742	333
9694	334
93380	334
56851	334
1655	335
10521	335
3189	335
6688	336
1050	336
2624	336
5300	337
10783	337
6198	337
64428	338
51647	338
10101	338
4682	338
8178	339
85403	339
23379	339
79664	339
3552	340
3553	340
3556	340
3554	340
7850	340
84708	341
59349	341
1857	341
1462	342
176	342
1404	342
3454	343
3455	343
7297	343
10399	343
26610	344
55140	344
8518	344
23587	344
55250	344
5604	345
5605	345
369	345
673	345
6396	346
79023	346
81929	346
284654	347
55366	347
84133	347
340419	347
84870	347
5699	348
5721	348
5720	348
5698	348
4953	348
405	349
196	349
9915	349
51361	350
84376	350
64400	350
29911	350
84067	350
5048	351
81565	351
11104	351
10300	351
1439	352
3563	352
3562	352
1617	353
57135	353
1618	353
23369	353
1994	354
8570	354
84944	354
10133	355
79735	355
23710	355
80321	356
8161	356
79571	356
1508	357
1509	357
3630	357
5608	358
5606	358
6300	358
29894	359
8189	359
51741	359
55339	359
81608	359
3594	360
3593	360
3595	360
3592	360
6293	361
738	361
55275	361
51542	361
55610	361
55644	362
8270	362
112858	362
51002	362
4627	363
7273	363
4607	363
7165	364
7163	364
7164	364
114569	364
89882	364
3565	365
3566	365
3596	365
3597	365
4488	366
1749	366
1746	366
4487	366
8554	367
51588	367
6498	367
51659	368
9837	368
84296	368
64785	368
26519	369
26520	369
26515	369
29928	369
293	369
51103	370
51295	370
51300	370
55863	370
28976	370
7515	371
3980	371
11284	371
735	372
731	372
732	372
733	372
4036	373
8029	373
213	373
3611	374
3987	374
55742	374
6251	374
7184	375
7038	375
3309	375
2243	376
2266	376
2165	376
2162	376
2244	376
94005	377
8733	377
10026	377
128869	377
51604	377
84967	378
25888	378
134353	378
9402	379
3702	379
29760	379
2992	380
8908	380
2632	380
2998	380
2997	380
5764	381
56647	381
832	381
1869	382
1870	382
6046	382
4149	383
4084	383
4613	383
5824	384
5192	384
5193	384
10492	385
3184	385
9159	385
7812	385
8241	386
57794	386
1665	386
4842	387
148	387
147	387
25824	388
6647	388
7001	388
5052	388
649	389
3914	389
3918	389
1294	389
4513	390
9377	390
4512	390
1345	390
6907	391
79718	391
2874	391
8797	392
8795	392
8743	392
8793	392
6348	393
6351	393
1238	393
1007	394
1004	394
1005	394
10342	395
55165	395
311	395
2342	396
2339	396
3845	396
84313	397
51028	397
79643	397
11267	397
10152	398
8440	398
56243	398
10959	399
10972	399
23423	399
9618	400
2812	400
7041	400
10558	401
9517	401
171546	401
7508	402
5887	402
5460	402
56896	403
1808	403
1400	403
1809	403
9101	404
57448	404
9493	404
5881	405
397	405
389	405
3767	406
3764	406
10060	406
6925	407
4760	407
805	407
5979	408
2674	408
2668	408
1969	409
2045	409
1946	409
22920	410
11127	410
4294	410
9371	410
4215	411
10746	411
6416	411
58	412
53405	412
8826	412
664	413
665	413
64581	413
1081	414
2488	414
1082	414
3561	415
3601	415
3600	415
201633	416
5819	416
10666	416
6678	417
4653	417
226	417
54069	418
55355	418
11339	418
55320	418
1812	419
134	419
135	419
100	419
3838	420
23633	420
5971	420
6241	421
6240	421
2745	421
4188	422
26511	422
5013	422
1991	423
1440	423
1441	423
6421	424
4841	424
11315	424
1829	425
5318	425
1824	425
84148	426
55167	426
10943	426
339287	426
9820	427
83987	427
57763	427
57129	428
28998	428
51069	428
4093	429
9093	429
55170	429
840	430
3002	430
10277	430
1280	431
4099	431
1297	431
80019	432
4281	432
51619	432
23481	433
23246	433
55759	433
3765	434
3763	434
1813	434
8887	435
10241	435
3964	435
6891	436
6890	436
6892	436
10928	437
5899	437
9185	437
85021	437
9319	438
701	438
1263	438
64431	439
3015	439
10467	439
6944	439
3691	440
1308	440
667	440
6617	441
6618	441
6621	441
1511	442
2151	442
2149	442
10598	443
26973	443
10953	443
1445	444
2268	444
1601	444
7126	445
83892	445
253980	445
9421	446
9464	446
5528	446
5534	447
5530	447
4773	447
51764	448
2785	448
2784	448
3911	449
3915	449
3912	449
3020	450
2186	450
6594	450
1401	451
325	451
2209	451
4001	452
4000	452
7112	452
6442	453
6443	453
6444	453
3791	454
2324	454
7424	454
6389	455
6391	455
6390	455
6392	455
286	456
6708	456
6710	456
185	457
624	457
4846	457
2890	458
2893	458
10369	458
9443	459
81857	459
6720	459
51586	459
4286	460
7942	460
22797	460
7030	460
6853	461
6854	461
8224	461
9722	461
6866	462
9737	462
6865	462
6910	463
1482	463
26260	463
8658	464
80351	464
4012	464
285	465
7010	465
7075	465
10938	466
30845	466
9342	466
6097	467
9575	467
9975	467
10614	468
51574	468
56257	468
5155	469
5154	469
5156	469
6900	470
3897	470
1463	470
25920	471
51497	471
7936	471
7469	471
4208	472
7003	472
245806	472
3981	473
7518	473
200558	473
5573	474
5575	474
8165	474
2114	475
2113	475
51567	475
3745	476
9312	476
27012	476
5429	477
56852	477
7320	477
659	478
4090	478
654	478
23586	479
9246	479
7706	479
3609	480
3191	480
10625	480
7475	481
64840	481
54361	481
5077	482
6663	482
4222	482
3092	483
9026	483
1212	483
3507	484
973	484
933	484
79016	485
55070	485
10477	485
3921	486
6203	486
6218	486
5730	487
5737	487
5731	487
84445	488
22981	488
147687	488
90410	489
23265	489
79036	489
57017	490
51004	490
84274	490
4224	491
4225	491
6343	491
6407	492
6406	492
354	492
57132	493
5119	493
10617	493
30819	494
3751	494
30820	494
79657	495
55011	495
116143	495
9716	496
55696	496
5936	496
9183	497
60561	497
53407	497
1477	498
1478	498
10898	498
5020	499
551	499
84817	499
7076	500
4314	500
5054	500
66036	501
9111	501
11117	501
51024	502
10059	502
54708	502
40	503
2040	503
41	503
53340	504
54763	504
10566	504
4055	505
4050	505
4049	505
84759	506
54880	506
84678	506
10459	507
51455	507
5980	507
8674	508
143187	508
8675	508
6495	509
1602	509
2138	509
2847	510
4886	510
2587	510
9040	511
9039	511
8883	511
5989	512
4781	512
4782	512
51719	513
6794	513
55437	513
2572	514
2571	514
57085	514
102	515
2042	515
1943	515
3843	516
3842	516
8021	516
9325	517
51008	517
10973	517
8503	518
122809	518
10817	518
50937	519
91653	519
1000	519
10382	520
84131	520
4957	520
941	521
942	521
940	521
7474	522
4920	522
2535	522
5443	523
113091	523
1392	523
51176	524
6934	524
387893	524
3695	525
3676	525
8174	525
6751	526
6755	526
6750	526
81631	527
64422	527
10533	527
55888	528
51282	528
7589	528
823	529
826	529
831	529
1793	530
391	530
63916	530
8470	531
5782	531
10278	531
220134	532
221150	532
348235	532
26060	533
57403	533
55198	533
5993	534
8625	534
5994	534
3148	535
5241	535
5451	535
55689	536
51562	536
57325	536
4323	537
4322	537
7078	537
835	538
10392	538
22861	538
3352	539
3350	539
1901	539
10458	540
55971	540
2059	540
51582	541
4946	541
51686	541
796	542
10203	542
10267	542
5787	543
3371	543
1272	543
3824	544
3133	544
3821	544
817	545
816	545
2036	545
1982	546
8672	546
10209	546
2810	547
4194	547
7681	547
108	548
111	548
5613	548
8785	549
4146	549
4147	549
8741	550
10673	550
608	550
302	551
6281	551
283	551
2109	552
2108	552
2110	552
2074	553
7507	553
2073	553
55958	554
90293	554
84861	554
7827	555
4868	555
55243	555
5631	556
5634	556
5635	556
6812	557
4741	557
4744	557
58493	558
65123	558
79035	558
51429	559
6655	559
112574	559
2958	560
2957	560
9519	560
100526842	561
200916	561
6173	561
6091	562
9353	562
54538	562
10671	563
84516	563
830	563
32	564
31	564
3141	564
8445	565
7015	565
9730	565
4914	566
9743	566
53358	566
54550	567
27018	567
51534	567
51324	568
22806	568
91647	568
6257	569
7067	569
11214	569
5618	570
2688	570
5617	570
1600	571
5649	571
7804	571
10013	572
602	572
1540	572
7290	573
29855	573
23523	573
9351	574
9170	574
5331	574
4853	575
4242	575
182	575
6453	576
58513	576
85439	576
90933	577
10127	577
55668	577
56984	578
8624	578
51371	578
9391	579
3658	579
84191	579
1198	580
3216	580
3217	580
10002	581
22907	581
10514	581
3786	582
808	582
56479	582
53832	583
53833	583
29949	583
3082	584
3818	584
3083	584
60488	585
7818	585
10240	585
10083	586
4647	586
64072	586
9091	587
5283	587
5277	587
3385	588
30835	588
10332	588
83992	589
55917	589
54764	589
634	590
4680	590
1088	590
9423	591
1630	591
136	591
8621	592
8812	592
51755	592
7205	593
5783	593
8572	593
3421	594
3419	594
3420	594
10916	595
4673	595
4676	595
2862	596
51738	596
2692	596
7249	597
7248	597
51256	597
2553	598
466	598
2551	598
6813	599
6814	599
2054	599
1158	600
1152	600
140462	600
10535	601
84153	601
79621	601
10148	602
9466	602
246778	602
10226	603
9367	603
22836	603
56913	604
29071	604
56667	604
79991	605
1200	605
80169	605
26574	606
5074	606
1613	606
6928	607
6927	607
5092	607
3587	608
3588	608
3586	608
6404	609
6402	609
6401	609
3458	610
3460	610
3459	610
339	611
10659	611
29974	611
51185	612
682	612
6566	612
10641	613
9681	613
8131	613
9136	614
5822	614
134430	614
79084	615
5511	615
51645	615
4852	616
8620	616
10886	616
3759	617
3761	617
3603	617
1948	618
2051	618
2047	618
55317	619
55745	619
91056	619
10131	620
2131	620
2132	620
5189	621
5190	621
55670	621
22933	622
3206	622
2308	622
610	623
10021	623
348980	623
3727	624
2355	624
64326	624
10155	625
8805	625
7556	625
55145	626
79797	626
138046	626
3958	627
214	627
923	627
10542	628
5877	628
10813	628
10717	629
23431	629
9179	629
902	630
4331	630
7270	630
1840	631
113878	631
196403	631
9470	632
26058	632
90850	632
26122	633
54556	633
283150	633
79139	634
258010	634
55829	634
9982	635
2246	635
9158	635
7097	636
7096	636
81793	636
2230	637
1583	637
1585	637
10128	638
27443	638
8409	638
55726	639
81556	639
26173	639
4069	640
4057	640
3933	640
7450	641
5034	641
1278	641
64398	642
10207	642
92359	642
10681	643
8787	643
401190	643
7011	644
143	644
9961	644
2901	645
2895	645
2898	645
23476	646
5981	646
5982	646
85461	647
50944	647
9229	647
975	648
8519	648
1380	648
5818	649
5817	649
25945	649
1386	650
122953	650
3726	650
2983	651
116987	651
2982	651
79083	652
5873	652
4644	652
6717	653
775	653
6262	653
4060	654
2331	654
4969	654
663	655
392	655
149428	655
10066	656
9522	656
84679	656
5045	657
23621	657
81618	657
9785	658
8449	658
27238	658
432	659
433	659
29956	659
593	660
152926	660
594	660
4209	661
5598	661
4205	661
57461	662
56949	662
10450	662
11011	663
4155	663
9874	663
133	664
4311	664
1906	664
2043	665
7525	665
2260	665
26353	666
8988	666
3316	666
5163	667
27044	667
10146	667
51061	668
53905	668
7173	668
4645	669
57111	669
22841	669
9133	670
1163	670
1164	670
2207	671
2214	671
51206	671
2063	672
53335	672
7026	672
4056	673
240	673
241	673
84219	674
54468	674
652968	674
6886	675
4004	675
2625	675
51127	676
56658	676
7323	676
886	677
887	677
885	677
84283	678
26984	678
6440	678
5364	679
27289	679
5361	679
8927	680
26059	680
22999	680
80155	681
8260	681
80218	681
285613	682
9943	682
768211	682
382	683
9727	683
84440	683
56339	684
9589	684
57721	684
10818	685
10580	685
10211	685
80700	686
79058	686
79609	686
3479	687
3486	687
3483	687
6588	688
487	688
5350	688
6638	689
164781	689
83938	689
51068	690
90441	690
3692	690
116028	691
80010	691
7156	691
5870	692
10567	692
2664	692
26249	693
65125	693
127833	693
1191	694
117	694
116	694
51025	695
29103	695
10245	695
8411	696
9765	696
10043	696
9240	697
55093	697
114824	697
6517	698
377	698
27236	698
23765	699
3605	699
10758	699
8818	700
54344	700
8813	700
22906	701
66008	701
8473	701
10456	702
53373	702
219931	702
6753	703
6752	703
1325	703
11099	704
7006	704
660	704
84316	705
60560	705
122830	705
5522	706
55038	706
5521	706
9541	707
6100	707
102724594	707
85480	708
3575	708
64109	708
3985	709
3984	709
8476	709
6919	710
6917	710
55840	710
10252	711
9586	711
386675	711
889	712
83605	712
11235	712
54892	713
29781	713
23310	713
51367	714
10775	714
11102	714
4192	715
238	715
5803	715
1803	716
7852	716
6387	716
23560	717
10412	717
51154	717
9706	718
4678	718
51631	718
64216	719
4860	719
7019	719
1141	720
1137	720
79174	720
6279	721
4843	721
6280	721
4014	722
6707	722
3713	722
10628	723
7295	723
7296	723
84108	724
1876	724
83746	724
959	725
3500	725
3514	725
6418	726
5757	726
8370	726
1676	727
27141	727
1677	727
6197	728
3150	728
3151	728
24144	729
84140	729
64170	729
342538	730
4666	730
689	730
2158	731
2677	731
2155	731
1962	732
1374	732
3295	732
5507	733
7957	733
378884	733
26285	734
9080	734
137075	734
8328	735
6311	735
30834	735
477	736
223082	736
84937	736
22926	737
4802	737
1388	737
192111	738
9131	738
3304	738
23286	739
80014	739
55841	739
186	740
1636	740
183	740
2157	741
3998	741
90411	741
2332	742
8087	742
81550	742
10210	743
7150	743
4824	743
4100	744
11074	744
54780	744
84970	745
54971	745
154313	745
29922	746
84260	746
4665	746
2495	747
8031	747
8924	747
80817	748
57639	748
220082	748
2550	749
22809	749
9568	749
27086	750
93986	750
116113	750
9530	751
7266	751
3305	751
55973	752
10134	752
3495	752
972	753
3113	753
3115	753
8848	754
7786	754
5996	754
64375	755
22807	755
64376	755
5825	756
215	756
225	756
716	757
710	757
715	757
10537	758
55236	758
65264	758
5447	759
1528	759
1586	759
4758	760
5476	760
2720	760
84078	761
440738	761
89890	761
51693	762
60684	762
51112	762
80254	763
64770	763
10464	763
16	764
440	764
2617	764
4191	765
5091	765
2806	765
10007	766
51005	766
132789	766
86614	767
6911	767
159119	767
54793	768
287015	768
91694	768
7881	769
27173	769
29986	769
347902	770
386724	770
57463	770
10381	771
196383	771
284004	771
434	772
4157	772
4160	772
3881	773
79637	773
55791	774
27252	774
4110	775
84105	775
55729	776
9320	776
6462	777
6405	777
154	778
2767	778
10513	779
53822	779
125115	780
79931	780
2740	781
2861	781
23390	782
2931	782
51003	783
1959	783
2261	784
2249	784
2775	785
3760	785
11161	786
5216	786
5592	787
29109	787
56159	788
8379	788
84557	789
9817	789
70	790
23224	790
9378	791
9066	791
79873	792
1725	792
55697	793
9896	793
60491	794
11144	794
84966	795
5050	795
26270	796
11160	796
84164	797
445	797
116173	798
23392	798
2661	799
57761	799
23582	800
54478	800
11059	801
10365	801
5147	802
402	802
3693	803
3678	803
2100	804
2872	804
5568	805
3000	805
29117	806
8553	806
57120	807
2802	807
84060	808
10063	808
55294	809
8030	809
9372	810
652	810
197131	811
403	811
81628	812
29959	812
3172	813
9326	813
10657	814
5753	814
7337	815
301	815
4591	816
27301	816
6938	817
1031	817
10174	818
868	818
10397	819
476	819
10755	820
22918	820
10188	821
10461	821
2318	822
6445	822
79666	823
6252	823
1514	824
80781	824
84466	825
7840	825
7305	826
22914	826
1230	827
6346	827
57596	828
9099	828
5906	829
9693	829
2048	830
1947	830
5080	831
6496	831
4356	832
10769	832
7317	833
8139	833
9223	834
1605	834
4140	835
7276	835
4105	836
83937	836
6657	837
7443	837
5217	838
2804	838
10197	839
57035	839
2	840
259	840
1855	841
23002	841
7920	842
6294	842
22827	843
84988	843
208	844
6615	844
19	845
55327	845
10075	846
9572	846
8548	847
54927	847
10040	848
23190	848
81488	849
51327	849
2026	850
10073	850
57062	851
51388	851
79849	852
6584	852
1406	853
8815	853
54464	854
7538	854
9796	855
79885	855
25898	856
57646	856
5585	857
905	857
2035	858
2995	858
8543	859
64129	859
896	860
1382	860
22803	861
27304	861
2263	862
2251	862
7325	863
23113	863
10425	864
2672	864
7052	865
65018	865
9500	866
10421	866
6780	867
30851	867
1232	868
6357	868
7805	869
55040	869
12	870
2153	870
11098	871
29127	871
51280	872
30061	872
60492	873
10551	873
123722	874
65003	874
22800	875
9610	875
340061	876
6778	876
9260	877
23624	877
2516	878
8721	878
9063	879
2002	879
11200	880
5526	880
650	881
7130	881
10488	882
9482	882
54978	883
23478	883
90993	884
84699	884
8687	885
3856	885
8405	886
2736	886
84365	887
55131	887
27005	888
57478	888
7791	889
7286	889
8338	890
140690	890
10376	891
81027	891
10011	892
11017	892
7068	893
4350	893
1196	894
55692	894
7709	895
3394	895
8777	896
50848	896
2896	897
8940	897
6195	898
10140	898
773	899
347733	899
3301	900
255738	900
4223	901
3306	901
9047	902
7294	902
117177	903
5493	903
2690	904
5770	904
9252	905
3009	905
760	906
6548	906
6010	907
9695	907
260425	908
57216	908
2783	909
2793	909
10589	910
4801	910
3159	911
23492	911
55885	912
6095	912
6809	913
9341	913
9859	914
5269	914
27185	915
4130	915
7257	916
10438	916
114034	917
84292	917
7158	918
9043	918
10363	919
55110	919
9189	920
11321	920
51366	921
11198	921
9051	922
26469	922
29128	923
8237	923
1201	924
30818	924
9129	925
10569	925
6048	926
78992	926
55968	927
3991	927
284001	928
90060	928
1114	929
11344	929
1951	930
6712	930
63898	931
10254	931
653121	932
3104	932
388633	933
51257	933
9100	934
23071	934
51053	935
3207	935
5862	936
64145	936
10016	937
25930	937
2264	938
2252	938
6469	939
64399	939
378951	940
51655	940
8239	941
9891	941
3329	942
2272	942
860	943
6662	943
3107	944
3802	944
9454	945
7456	945
2869	946
552	946
25828	947
6737	947
2781	948
10287	948
4739	949
10044	949
8576	950
4733	950
10262	951
10915	951
407	952
84838	952
54840	953
57658	953
4068	954
6504	954
10114	955
9878	955
6446	956
84254	956
3836	957
5896	957
1523	958
9950	958
2011	959
23255	959
3299	960
51168	960
126961	961
58508	961
4218	962
10890	962
2643	963
2644	963
55324	964
22985	964
118924	965
8220	965
64210	966
83990	966
26548	967
5510	967
211	968
142679	968
5089	969
11258	969
1896	970
60401	970
9863	971
28514	971
23499	972
23011	972
1363	973
4922	973
5911	974
9448	974
26128	975
26959	975
9905	976
56902	976
1285	977
5008	977
54955	978
54776	978
101060399	979
1329	979
23645	980
79004	980
7448	981
3696	981
23433	982
10602	982
1958	983
6909	983
8915	984
29775	984
9049	985
51086	985
9844	986
1794	986
54472	987
1731	987
10498	988
10847	988
10572	989
4210	989
4343	990
3608	990
5294	991
2046	991
3164	992
84547	992
5867	993
9135	993
5292	994
5800	994
55914	995
421	995
7159	996
10297	996
2623	997
161882	997
56952	998
3251	998
7020	999
22905	999
10401	1000
26135	1000
7391	1001
7392	1001
8359	1002
8520	1002
79723	1003
93621	1003
114928	1004
1128	1004
55603	1005
9604	1005
92840	1006
9516	1006
79727	1007
55720	1007
23322	1008
261734	1008
3778	1009
3779	1009
7541	1010
5127	1010
151871	1011
8985	1011
388324	1012
1032	1012
4111	1013
27343	1013
59	1014
50488	1014
3558	1015
9046	1015
4254	1016
1437	1016
4015	1017
4016	1017
3375	1018
3651	1018
65266	1019
9075	1019
7024	1020
5252	1020
9627	1021
8997	1021
3757	1022
23770	1022
79784	1023
10627	1023
5290	1024
4893	1024
55722	1025
9729	1025
5972	1026
4074	1026
7031	1027
4588	1027
5196	1028
5473	1028
152503	1029
6455	1029
4023	1030
1071	1030
9400	1031
23421	1031
3043	1032
3039	1032
57104	1033
5176	1033
9588	1034
5467	1034
1003	1035
84552	1035
80279	1036
51506	1036
23114	1037
7143	1037
7080	1038
29080	1038
5602	1039
80824	1039
79576	1040
9360	1040
1674	1041
81786	1041
10253	1042
7016	1042
3356	1043
4716	1043
5532	1044
51778	1044
3550	1045
151613	1045
56970	1046
27097	1046
4706	1047
90624	1047
5593	1048
4659	1048
388	1049
25791	1049
3606	1050
8809	1050
4214	1051
5871	1051
8458	1052
10460	1052
23650	1053
81559	1053
54474	1054
9055	1054
317	1055
10017	1055
4043	1056
6272	1056
55832	1057
54165	1057
546	1058
9555	1058
5329	1059
2191	1059
51100	1060
56904	1060
1121	1061
51552	1061
3313	1062
23640	1062
5798	1063
5354	1063
10765	1064
7022	1064
55284	1065
6047	1065
64219	1066
4692	1066
6625	1067
27336	1067
9947	1068
9475	1068
22929	1069
2618	1069
4133	1070
57787	1070
132320	1071
11116	1071
1520	1072
6318	1072
5644	1073
7263	1073
9404	1074
9883	1074
6434	1075
494115	1075
11261	1076
9262	1076
3134	1077
10288	1077
871	1078
5479	1078
54476	1079
7098	1079
1231	1080
6360	1080
57670	1081
50618	1081
5367	1082
84539	1082
9882	1083
57178	1083
4836	1084
3208	1084
1743	1085
2314	1085
26289	1086
7358	1086
6520	1087
56301	1087
3170	1088
3202	1088
145282	1089
3093	1089
79839	1090
379	1090
140691	1091
4103	1091
170082	1092
8636	1092
246329	1093
84619	1093
114932	1094
8099	1094
163183	1095
9370	1095
7784	1096
85377	1096
5362	1097
23360	1097
1839	1098
4054	1098
2322	1099
84922	1099
894	1100
10270	1100
5338	1101
8682	1101
3680	1102
1287	1102
3746	1103
3756	1103
597	1104
638	1104
22897	1105
146057	1105
9337	1106
694	1106
11269	1107
10069	1107
4041	1108
22943	1108
7349	1109
1393	1109
26043	1110
116138	1110
29896	1111
23350	1111
55662	1112
27130	1112
64127	1113
5529	1113
55215	1114
59286	1114
57610	1115
80746	1115
7182	1116
10454	1116
54331	1117
1129	1117
114548	1118
56919	1118
1235	1119
643	1119
5962	1120
396	1120
6672	1121
10379	1121
7975	1122
9603	1122
287	1123
6711	1123
7037	1124
9744	1124
22883	1125
8888	1125
84959	1126
79720	1126
1859	1127
10238	1127
7916	1128
4123	1128
3397	1129
4618	1129
10256	1130
9138	1130
26292	1131
89876	1131
1734	1132
26118	1132
1838	1133
54221	1133
7718	1134
51224	1134
7536	1135
84991	1135
10318	1136
26276	1136
10534	1137
79050	1137
8078	1138
92181	1138
84651	1139
4502	1139
9425	1140
5978	1140
4593	1141
23024	1141
5293	1142
22913	1142
4204	1143
6497	1143
117157	1144
51744	1144
2870	1145
1909	1145
5450	1146
5452	1146
1316	1147
84458	1147
8353	1148
11329	1148
55743	1149
3682	1149
51035	1150
9413	1150
54850	1151
1028	1151
1861	1152
57554	1152
11275	1153
4059	1153
23152	1154
7095	1154
25988	1155
4863	1155
81704	1156
57572	1156
56888	1157
7319	1157
55466	1158
10294	1158
23386	1159
29941	1159
6096	1160
55629	1160
23371	1161
10395	1161
159989	1162
2669	1162
54413	1163
23475	1163
4485	1164
57551	1164
780	1165
1281	1165
5657	1166
2150	1166
859	1167
8291	1167
8676	1168
10629	1168
6002	1169
4887	1169
4684	1170
7345	1170
90678	1171
4595	1171
4589	1172
276	1172
2532	1173
6361	1173
10436	1174
3096	1174
1286	1175
5270	1175
85027	1176
26580	1176
80258	1177
7984	1177
541468	1178
153733	1178
285753	1179
2800	1179
2686	1180
79850	1180
80021	1181
327	1181
84273	1182
3005	1182
84064	1183
23396	1183
65078	1184
84816	1184
3784	1185
3785	1185
55007	1186
10785	1186
5716	1187
80227	1187
57532	1188
9908	1188
8600	1189
6868	1189
994	1190
9833	1190
51554	1191
6356	1191
10038	1192
81847	1192
640	1193
2212	1193
4856	1194
2697	1194
1950	1195
8038	1195
52	1196
54874	1196
288	1197
6326	1197
160622	1198
9265	1198
819	1199
79845	1199
8085	1200
23030	1200
59350	1201
6013	1201
5481	1202
291	1202
4867	1203
54806	1203
5315	1204
993	1204
995	1205
11178	1205
5414	1206
23176	1206
6867	1207
5612	1207
9491	1208
25793	1208
7490	1209
126374	1209
11187	1210
1828	1210
2903	1211
116444	1211
25788	1212
80125	1212
2290	1213
2309	1213
23136	1214
1207	1214
5348	1215
5066	1215
9232	1216
1666	1216
22941	1217
6550	1217
27347	1218
84957	1218
10298	1219
54815	1219
7004	1220
25937	1220
4916	1221
55816	1221
9826	1222
23654	1222
5236	1223
4190	1223
9124	1224
5308	1224
23673	1225
495	1225
50943	1226
4772	1226
10497	1227
112755	1227
9960	1228
5948	1228
2280	1229
11146	1229
55054	1230
9528	1230
6641	1231
146	1231
11184	1232
84433	1232
3106	1233
10859	1233
9266	1234
9595	1234
1656	1235
219988	1235
2580	1236
900	1236
6521	1237
762	1237
9322	1238
51729	1238
23413	1239
1814	1239
9659	1240
51545	1240
22808	1241
9771	1241
599	1242
8739	1242
6945	1243
22877	1243
5049	1244
54984	1244
5152	1245
1408	1245
116225	1246
26061	1246
6820	1247
6783	1247
10900	1248
5912	1248
5878	1249
79890	1249
5411	1250
8899	1250
10193	1251
7265	1251
23268	1252
147179	1252
2886	1253
54900	1253
29116	1254
7436	1254
961	1255
55423	1255
83461	1256
58190	1256
54751	1257
10979	1257
4926	1258
23172	1258
10564	1259
10565	1259
6863	1260
5550	1260
11100	1261
3275	1261
1134	1262
3679	1262
550	1263
3672	1263
3839	1264
26240	1264
2822	1265
1604	1265
3482	1266
5328	1266
10159	1267
535	1267
4018	1268
10516	1268
5797	1269
5796	1269
1130	1270
63875	1270
64395	1271
2577	1271
3959	1272
929	1272
55611	1273
79589	1273
5930	1274
4034	1274
26013	1275
80854	1275
84444	1276
8028	1276
29843	1277
8521	1277
56259	1278
10286	1278
10869	1279
60682	1279
23098	1280
79671	1280
23210	1281
51319	1281
85363	1282
55643	1282
51669	1283
26150	1283
4750	1284
1447	1284
9970	1285
5449	1285
1939	1286
10289	1286
10135	1287
2512	1287
5715	1288
3570	1288
54904	1289
57680	1289
5321	1290
653361	1290
1069	1291
9814	1291
137886	1292
55768	1292
51400	1293
10726	1293
58157	1294
6999	1294
720	1295
27202	1295
10615	1296
23332	1296
30812	1297
3087	1297
10957	1298
5915	1298
26985	1299
10618	1299
1414	1300
6833	1300
1512	1301
1475	1301
4878	1302
2494	1302
6569	1303
10897	1303
84100	1304
64225	1304
8614	1305
23589	1305
4317	1306
7035	1306
11180	1307
23580	1307
117144	1308
57048	1308
57333	1309
5046	1309
2222	1310
257218	1310
56901	1311
54951	1311
117286	1312
23321	1312
55183	1313
1672	1313
23648	1314
55916	1314
171483	1315
29903	1315
353323	1316
10865	1316
3045	1317
3049	1317
655	1318
25884	1318
400	1319
23647	1319
5940	1320
5935	1320
1908	1321
1215	1321
79159	1322
10284	1322
23409	1323
23410	1323
25776	1324
200030	1324
4899	1325
23126	1325
2645	1326
5208	1326
6827	1327
548644	1327
9570	1328
10282	1328
1949	1329
2049	1329
57097	1330
54726	1330
5961	1331
1258	1331
55754	1332
10396	1332
6301	1333
56931	1333
5311	1334
55690	1334
91754	1335
23299	1335
6631	1336
55109	1336
10468	1337
3623	1337
55226	1338
55623	1338
10010	1339
11183	1339
1208	1340
5408	1340
9097	1341
84220	1341
1143	1342
1138	1342
55062	1343
5464	1343
6845	1344
3267	1344
27134	1345
100506658	1345
390	1346
394	1346
7472	1347
6422	1347
2044	1348
1942	1348
23037	1349
8502	1349
55781	1350
23107	1350
7476	1351
7855	1351
1436	1352
3636	1352
3046	1353
3050	1353
3060	1354
846	1354
7412	1355
6367	1355
3754	1356
170850	1356
6059	1357
6041	1357
4724	1358
4711	1358
3310	1359
11213	1359
6670	1360
51341	1360
8877	1361
1501	1361
64689	1362
8540	1362
3090	1363
2122	1363
9495	1364
7442	1364
51236	1365
55937	1365
8844	1366
8315	1366
29082	1367
54862	1367
2187	1368
80233	1368
7433	1369
10266	1369
84876	1370
6786	1370
5727	1371
6608	1371
377630	1372
5641	1372
2626	1373
23414	1373
55299	1374
10054	1374
966	1375
259197	1375
1978	1376
4597	1376
10811	1377
85376	1377
54820	1378
25909	1378
57591	1379
57496	1379
3240	1380
9507	1380
1996	1381
4799	1381
23032	1382
54606	1382
5697	1383
5179	1383
92610	1384
25816	1384
722	1385
432395	1385
3075	1386
1758	1386
639	1387
4282	1387
167691	1388
10527	1388
9295	1389
9879	1389
1791	1390
116092	1390
7133	1391
10293	1391
8803	1392
212	1392
22900	1393
55655	1393
4287	1394
4303	1394
3660	1395
221937	1395
3161	1396
571	1396
11171	1397
79760	1397
55898	1398
1434	1398
6092	1399
84152	1399
6452	1400
28988	1400
1917	1401
80325	1401
4940	1402
3429	1402
79923	1403
57167	1403
4620	1404
84033	1404
79132	1405
64135	1405
10483	1406
3200	1406
29895	1407
85366	1407
4604	1408
29761	1408
7175	1409
23511	1409
9054	1410
23479	1410
10112	1411
8556	1411
3796	1412
1060	1412
573	1413
6767	1413
23089	1414
94	1414
406	1415
266743	1415
51076	1416
55191	1416
200186	1417
150094	1417
49856	1418
114883	1418
26039	1419
222546	1419
90627	1420
3156	1420
11331	1421
5245	1421
1879	1422
23090	1422
26136	1423
9806	1423
8091	1424
1877	1424
793	1425
55503	1425
151987	1426
261726	1426
23741	1427
5926	1427
23112	1428
192670	1428
11165	1429
11063	1429
10190	1430
51585	1430
10301	1431
6470	1431
2917	1432
7278	1432
824	1433
7145	1433
1755	1434
653509	1434
2660	1435
10272	1435
538	1436
51248	1436
3604	1437
8744	1437
5998	1438
6331	1438
26160	1439
11020	1439
7153	1440
7155	1440
5524	1441
5523	1441
239	1442
3891	1442
984	1443
81605	1443
627	1444
8720	1444
8751	1445
257364	1445
8301	1446
30846	1446
5454	1447
10084	1447
3817	1448
3485	1448
3930	1449
6309	1449
8525	1450
81609	1450
85015	1451
4628	1451
8975	1452
6702	1452
126119	1453
10768	1453
140460	1454
79618	1454
9709	1455
965	1455
84106	1456
8935	1456
9031	1457
4641	1457
55193	1458
55636	1458
26086	1459
55291	1459
81030	1460
11035	1460
81622	1461
79143	1461
7091	1462
5495	1462
85365	1463
310	1463
7862	1464
7994	1464
2569	1465
2570	1465
4855	1466
54567	1466
1891	1467
64087	1467
4267	1468
5478	1468
112939	1469
8507	1469
5654	1470
9873	1470
5213	1471
5211	1471
7988	1472
55138	1472
94274	1473
1455	1473
284119	1474
8436	1474
79734	1475
358	1475
6652	1476
6888	1476
774	1477
784	1477
55763	1478
9711	1478
5261	1479
5260	1479
10529	1480
165904	1480
100506164	1481
80011	1481
51495	1482
490	1482
2203	1483
138065	1483
2079	1484
54487	1484
2947	1485
2948	1485
4109	1486
55810	1486
26589	1487
64976	1487
63978	1488
124790	1488
7884	1489
90459	1489
29126	1490
5133	1490
22895	1491
119	1491
54	1492
9141	1492
5068	1493
29953	1493
54822	1494
5330	1494
6403	1495
9784	1495
5660	1496
2629	1496
3929	1497
10549	1497
6016	1498
3475	1498
6499	1499
9948	1499
7021	1500
163732	1500
51776	1501
163081	1501
8567	1502
55367	1502
8460	1503
2825	1503
5164	1504
8050	1504
51517	1505
81624	1505
4879	1506
4881	1506
4153	1507
799	1507
28954	1508
782	1508
8394	1509
381	1509
8996	1510
140885	1510
978	1511
55041	1511
7851	1512
858	1512
2140	1513
10736	1513
150572	1514
159	1514
1295	1515
3673	1515
8302	1516
4277	1516
10313	1517
9363	1517
3359	1518
200909	1518
2641	1519
9340	1519
22955	1520
8834	1520
199720	1521
1894	1521
4583	1522
79623	1522
2039	1523
53635	1523
8516	1524
85301	1524
1485	1525
3125	1525
23099	1526
55388	1526
9925	1527
1641	1527
54622	1528
56850	1528
84080	1529
91544	1529
83897	1530
353144	1530
57175	1531
23603	1531
6182	1532
5442	1532
11021	1533
8443	1533
4189	1534
6624	1534
5662	1535
2742	1535
4714	1536
54539	1536
10156	1537
5016	1537
643866	1538
869	1538
23759	1539
5546	1539
23513	1540
4163	1540
1496	1541
5784	1541
6690	1542
11330	1542
3855	1543
3872	1543
3101	1544
3487	1544
3069	1545
10664	1545
147700	1546
9696	1546
339834	1547
25959	1547
10670	1548
55035	1548
51504	1549
29104	1549
286827	1550
10490	1550
3814	1551
84634	1551
2706	1552
10804	1552
58155	1553
3182	1553
10345	1554
3270	1554
3035	1555
2539	1555
3188	1556
5351	1556
5319	1557
9373	1557
3936	1558
199	1558
414301	1559
56477	1559
79939	1560
3909	1560
3224	1561
7832	1561
29090	1562
100287932	1562
28962	1563
1186	1563
26517	1564
1678	1564
191	1565
79078	1565
268	1566
269	1566
7473	1567
8321	1567
2798	1568
6001	1568
345	1569
6659	1569
26271	1570
7813	1570
9173	1571
11018	1571
10212	1572
6358	1572
10199	1573
55272	1573
27076	1574
1504	1574
9271	1575
3925	1575
8195	1576
166379	1576
6237	1577
89797	1577
387332	1578
286749	1578
29085	1579
29947	1579
64101	1580
22854	1580
29107	1581
56001	1581
56923	1582
10874	1582
26056	1583
6738	1583
3569	1584
5744	1584
7111	1585
9168	1585
971	1586
921	1586
79172	1587
55839	1587
642	1588
7204	1588
4756	1589
5306	1589
63922	1590
79075	1590
84962	1591
54998	1591
1871	1592
29028	1592
4438	1593
4439	1593
1175	1594
10126	1594
5317	1595
3861	1595
2817	1596
6585	1596
56925	1597
51200	1597
64083	1598
2650	1598
26228	1599
8725	1599
51083	1600
8811	1600
1620	1601
284695	1601
5428	1602
6742	1602
3687	1603
83700	1603
55527	1604
9647	1604
58985	1605
285231	1605
1016	1606
64403	1606
6768	1607
64866	1607
27250	1608
6199	1608
5281	1609
84720	1609
636	1610
51199	1610
5741	1611
5746	1611
3773	1612
3766	1612
163786	1613
54461	1613
55540	1614
64806	1614
181	1615
4159	1615
3973	1616
3972	1616
3490	1617
51652	1617
57018	1618
728642	1618
151636	1619
83666	1619
85409	1620
7039	1620
221613	1621
255626	1621
25862	1622
341405	1622
22853	1623
5504	1623
122042	1624
3640	1624
10935	1625
9175	1625
5913	1626
57563	1626
558	1627
7593	1627
8313	1628
7050	1628
90423	1629
79095	1629
10465	1630
10443	1630
29984	1631
51479	1631
9985	1632
50511	1632
2829	1633
6375	1633
57804	1634
11196	1634
8906	1635
54812	1635
254394	1636
79892	1636
23129	1637
9723	1637
50717	1638
80344	1638
29851	1639
23308	1639
25970	1640
10603	1640
23399	1641
23175	1641
84126	1642
8914	1642
2837	1643
10911	1643
977	1644
5738	1644
5520	1645
116224	1645
3032	1646
100526835	1646
80230	1647
8120	1647
163702	1648
282616	1648
81532	1649
23012	1649
283869	1650
2831	1650
9798	1651
6683	1651
55967	1652
4697	1652
79582	1653
9576	1653
10519	1654
2537	1654
151888	1655
8764	1655
8856	1656
10599	1656
9913	1657
29950	1657
4221	1658
9757	1658
23462	1659
23493	1659
3205	1660
5090	1660
83756	1661
80835	1661
8898	1662
6305	1662
7005	1663
51442	1663
9967	1664
10432	1664
5905	1665
55920	1665
79595	1666
51742	1666
340784	1667
84640	1667
23567	1668
51808	1668
8852	1669
285135	1669
26034	1670
9267	1670
2205	1671
2206	1671
7737	1672
80196	1672
6342	1673
51	1673
9670	1674
8092	1674
4352	1675
7066	1675
29935	1676
79968	1676
9355	1677
343472	1677
2934	1678
23043	1678
24137	1679
3835	1679
27131	1680
57534	1680
79612	1681
84779	1681
3662	1682
64848	1682
5268	1683
114907	1683
2313	1684
10661	1684
5603	1685
4216	1685
5834	1686
5256	1686
83475	1687
1984	1687
9088	1688
55240	1688
9789	1689
50861	1689
4552	1690
4548	1690
4144	1691
4143	1691
810	1692
4651	1692
53829	1693
64805	1693
23552	1694
22858	1694
7398	1695
10635	1695
6364	1696
2919	1696
2395	1697
55658	1697
130340	1698
9829	1698
153	1699
150	1699
5910	1700
26036	1700
10243	1701
23229	1701
6103	1702
1468	1702
3430	1703
10538	1703
79947	1704
4535	1704
2887	1705
11123	1705
5999	1706
5724	1706
321	1707
63941	1707
23048	1708
8153	1708
8718	1709
9966	1709
54825	1710
23139	1710
8382	1711
143241	1711
51171	1712
767	1712
51440	1713
1831	1713
51364	1714
1038	1714
55577	1715
339965	1715
25980	1716
2702	1716
8115	1717
23548	1717
79363	1718
3615	1718
5423	1719
7374	1719
55646	1720
222389	1720
2242	1721
84941	1721
688	1722
92552	1722
23424	1723
91768	1723
9924	1724
255967	1724
4345	1725
3062	1725
8650	1726
5583	1726
51564	1727
25865	1727
752	1728
23380	1728
6138	1729
140801	1729
8991	1730
2876	1730
57822	1731
79977	1731
6098	1732
10451	1732
527	1733
221687	1733
8073	1734
11016	1734
554	1735
114897	1735
7025	1736
64919	1736
5874	1737
201294	1737
7301	1738
5627	1738
9181	1739
57530	1739
11129	1740
57396	1740
8048	1741
4807	1741
22822	1742
8761	1742
30001	1743
64714	1743
9455	1744
116986	1744
2566	1745
1816	1745
89	1746
4892	1746
30000	1747
9623	1747
54442	1748
7552	1748
10771	1749
51438	1749
127544	1750
54963	1750
10645	1751
8536	1751
9314	1752
360	1752
79813	1753
58525	1753
3006	1754
171023	1754
115426	1755
114991	1755
144717	1756
4952	1756
8349	1757
8479	1757
22909	1758
27030	1758
55553	1759
6660	1759
26234	1760
10370	1760
1815	1761
2554	1761
9540	1762
2878	1762
8337	1763
27000	1763
78990	1764
57561	1764
5920	1765
6385	1765
63943	1766
80222	1766
23677	1767
59338	1767
23345	1768
23353	1768
23072	1769
54894	1769
55596	1770
10179	1770
4038	1771
25861	1771
7465	1772
84446	1772
4850	1773
10605	1773
23400	1774
23208	1774
7284	1775
79590	1775
56945	1776
28973	1776
38	1777
54704	1777
80705	1778
57862	1778
79001	1779
27230	1779
57703	1780
26017	1780
892	1781
84656	1781
1628	1782
3131	1782
8646	1783
57045	1783
1610	1784
267012	1784
9149	1785
10024	1785
9701	1786
283373	1786
57805	1787
63925	1787
9666	1788
8335	1788
80149	1789
283208	1789
765	1790
2217	1790
2009	1791
81875	1791
22839	1792
8831	1792
5909	1793
84206	1793
1070	1794
129049	1794
2939	1795
2938	1795
3841	1796
8125	1796
57381	1797
55619	1797
25886	1798
5082	1798
79768	1799
771	1799
10480	1800
728689	1800
51218	1801
51027	1801
56997	1802
57146	1802
57410	1803
899	1803
7033	1804
7746	1804
10553	1805
57727	1805
84541	1806
9221	1806
1149	1807
7350	1807
5645	1808
6590	1808
23558	1809
7849	1809
5494	1810
8498	1810
22925	1811
5320	1811
1945	1812
2041	1812
29967	1813
9499	1813
8292	1814
43	1814
6435	1815
6436	1815
6904	1816
6905	1816
5959	1817
5995	1817
1513	1818
6317	1818
54557	1819
10742	1819
10235	1820
79607	1820
11155	1821
58529	1821
3073	1822
3074	1822
25831	1823
80755	1823
59307	1824
7100	1824
7940	1825
55632	1825
6005	1826
3386	1826
11036	1827
10923	1827
2220	1828
10747	1828
837	1829
23581	1829
3792	1830
7504	1830
2204	1831
29992	1831
23467	1832
4884	1832
5455	1833
6664	1833
114327	1834
56478	1834
5992	1835
5990	1835
51330	1836
7780	1836
8859	1837
23532	1837
1395	1838
90226	1838
28986	1839
64112	1839
7976	1840
126326	1840
59067	1841
1606	1841
51560	1842
23085	1842
55297	1843
11276	1843
285381	1844
26297	1844
2139	1845
63948	1845
22953	1846
5023	1846
706	1847
9256	1847
23122	1848
6249	1848
23145	1849
57485	1849
116461	1850
84224	1850
80262	1851
57576	1851
9231	1852
9529	1852
57685	1853
5037	1853
440068	1854
114769	1854
924	1855
6398	1855
4784	1856
8544	1856
2683	1857
985	1857
56956	1858
9079	1858
84932	1859
196472	1859
7432	1860
7434	1860
23209	1861
23604	1861
10658	1862
8880	1862
6121	1863
376497	1863
607	1864
26108	1864
55906	1865
58500	1865
55068	1866
10495	1866
4284	1867
2700	1867
5908	1868
2889	1868
10550	1869
6505	1869
3211	1870
3213	1870
4924	1871
5743	1871
1893	1872
2192	1872
3209	1873
4212	1873
30816	1874
6510	1874
197	1875
1544	1875
8794	1876
28965	1876
11266	1877
114785	1877
55855	1878
217	1878
7419	1879
10105	1879
4701	1880
60528	1880
60490	1881
7775	1881
23761	1882
54505	1882
1621	1883
5538	1883
387755	1884
29899	1884
51099	1885
5346	1885
9354	1886
6503	1886
8459	1887
1237	1887
55008	1888
8916	1888
57215	1889
80764	1889
5027	1890
24145	1890
23287	1891
8497	1891
2813	1892
307	1892
255061	1893
6870	1893
26525	1894
23635	1894
81502	1895
11236	1895
114898	1896
83988	1896
254827	1897
55353	1897
4107	1898
25801	1898
387856	1899
64081	1899
26040	1900
64648	1900
84456	1901
54902	1901
127703	1902
25924	1902
333932	1903
8242	1903
65983	1904
5047	1904
285782	1905
744	1905
90121	1906
221504	1906
6676	1907
124404	1907
386684	1908
154865	1908
137209	1909
64753	1909
79047	1910
2029	1910
55337	1911
85294	1911
90957	1912
84733	1912
84984	1913
11158	1913
79745	1914
163071	1914
8419	1915
631	1915
29926	1916
29925	1916
91703	1917
5373	1917
55818	1918
9338	1918
153657	1919
23288	1919
120534	1920
80117	1920
149461	1921
51208	1921
8643	1922
50846	1922
4580	1923
10651	1923
7348	1924
80761	1924
1356	1925
2520	1925
3736	1926
8506	1926
79803	1927
11234	1927
8685	1928
117156	1928
4987	1929
5368	1929
117579	1930
51289	1930
8801	1931
8802	1931
5031	1932
3357	1932
157855	1933
776	1933
79173	1934
148223	1934
4880	1935
4883	1935
51569	1936
79876	1936
1446	1937
333926	1937
81554	1938
10201	1938
5171	1939
8529	1939
64782	1940
14	1940
7783	1941
49	1941
56926	1942
23420	1942
9403	1943
56886	1943
80274	1944
57758	1944
51374	1945
4026	1945
1417	1946
1412	1946
4975	1947
84707	1947
132228	1948
55340	1948
6376	1949
1524	1949
6344	1950
27151	1950
51052	1951
2834	1951
57103	1952
3099	1952
4710	1953
4726	1953
51605	1954
115708	1954
10042	1955
22927	1955
3162	1956
645	1956
80020	1957
54431	1957
22795	1958
1305	1958
1113	1959
29106	1959
6729	1960
6727	1960
2986	1961
2979	1961
55578	1962
79065	1962
23568	1963
29105	1963
26291	1964
152831	1964
1311	1965
4148	1965
11045	1966
7379	1966
7036	1967
3077	1967
57002	1968
220064	1968
10652	1969
51272	1969
944	1970
943	1970
1819	1971
51389	1971
56253	1972
23705	1972
23220	1973
147945	1973
969	1974
147744	1974
51561	1975
149233	1975
3820	1976
29121	1976
2729	1977
2730	1977
26235	1978
9682	1978
55856	1979
58488	1979
9450	1980
4064	1980
54974	1981
55531	1981
3567	1982
3568	1982
7134	1983
7135	1983
8574	1984
22977	1984
8074	1985
5251	1985
1997	1986
3229	1986
51747	1987
1195	1987
79912	1988
139596	1988
130916	1989
387338	1989
7291	1990
152559	1990
1211	1991
50632	1991
540	1992
475	1992
1300	1993
308	1993
130399	1994
6997	1994
3581	1995
3578	1995
8192	1996
10845	1996
11034	1997
10420	1997
3857	1998
1596	1998
60385	1999
23617	1999
79733	2000
144455	2000
27175	2001
25897	2001
93611	2002
54785	2002
4705	2003
64847	2003
80762	2004
4891	2004
54453	2005
5869	2005
187	2006
8862	2006
60468	2007
23598	2007
10220	2008
124857	2008
84872	2009
729233	2009
4829	2010
4828	2010
9764	2011
92105	2011
10154	2012
8482	2012
11097	2013
2733	2013
255488	2014
148581	2014
10068	2015
27178	2015
84811	2016
51634	2016
64240	2017
64241	2017
80018	2018
51126	2018
57472	2019
85456	2019
79726	2020
83667	2020
8731	2021
8732	2021
284058	2022
54934	2022
26001	2023
5002	2023
27033	2024
64006	2024
8578	2025
91179	2025
1	2026
10321	2026
829	2027
55930	2027
8775	2028
662	2028
729	2029
10724	2029
114879	2030
4864	2030
4072	2031
1366	2031
5007	2032
8468	2032
8807	2033
962	2033
51726	2034
375484	2034
10371	2035
7869	2035
2515	2036
1047	2036
53616	2037
9211	2037
429	2038
63973	2038
2627	2039
1397	2039
3858	2040
3849	2040
56006	2041
55181	2041
140739	2042
123879	2042
10299	2043
6713	2043
53918	2044
10767	2044
4594	2045
166785	2045
3484	2046
56547	2046
28957	2047
84132	2047
8562	2048
28985	2048
23657	2049
570	2049
9472	2050
5144	2050
2241	2051
7110	2051
26272	2052
2000	2052
10056	2053
2193	2053
57105	2054
10800	2054
90268	2055
23201	2055
1525	2056
120425	2056
64798	2057
64223	2057
7074	2058
7468	2058
80243	2059
27232	2059
9669	2060
9086	2060
3362	2061
4763	2061
5739	2062
55811	2062
11077	2063
3298	2063
58191	2064
10663	2064
29765	2065
55664	2065
55677	2066
6830	2066
11167	2067
23181	2067
201595	2068
84061	2068
8820	2069
5626	2069
54965	2070
93183	2070
4486	2071
8692	2071
27242	2072
64324	2072
116379	2073
50616	2073
2171	2074
6278	2074
10206	2075
488	2075
254225	2076
165918	2076
27249	2077
25974	2077
4902	2078
2675	2078
6795	2079
10579	2079
54578	2080
54600	2080
7200	2081
7201	2081
2237	2082
1663	2082
3954	2083
617	2083
79801	2084
221302	2084
56246	2085
4158	2085
54910	2086
23154	2086
3622	2087
64426	2087
9451	2088
5611	2088
948	2089
4145	2089
94239	2090
8970	2090
9690	2091
23066	2091
23529	2092
9244	2092
200316	2093
60489	2093
947	2094
10164	2094
2286	2095
2037	2095
112	2096
1139	2096
2944	2097
2946	2097
9156	2098
26054	2098
3642	2099
50674	2099
3952	2100
946	2100
23166	2101
66005	2101
4261	2102
79364	2102
375757	2103
119392	2103
9702	2104
79866	2104
55626	2105
140461	2105
10808	2106
118	2106
10734	2107
27127	2107
23428	2108
6519	2108
55139	2109
80023	2109
3040	2110
1368	2110
10743	2111
54997	2111
25915	2112
29078	2112
23191	2113
3071	2113
60485	2114
9919	2114
93343	2115
89853	2115
8227	2116
9406	2116
3257	2117
89781	2117
4094	2118
389692	2118
3714	2119
142678	2119
9241	2120
653	2120
8784	2121
8995	2121
84282	2122
8727	2122
139285	2123
205147	2123
4707	2124
4698	2124
10215	2125
4821	2125
5813	2126
5814	2126
256933	2127
2832	2127
91582	2128
29074	2128
58516	2129
84705	2129
225689	2130
9022	2130
8631	2131
2533	2131
7327	2132
118424	2132
8558	2133
92002	2133
57402	2134
140576	2134
85440	2135
23218	2135
3013	2136
3018	2136
23708	2137
2935	2137
55274	2138
1952	2138
864	2139
865	2139
55715	2140
79930	2140
875	2141
283987	2141
9188	2142
2593	2142
84936	2143
129531	2143
9270	2144
10857	2144
8871	2145
55333	2145
11065	2146
90025	2146
5284	2147
5865	2147
10219	2148
23484	2148
51614	2149
57222	2149
2695	2150
2696	2150
10803	2151
6370	2151
4606	2152
4608	2152
51592	2153
9557	2153
6775	2154
168544	2154
2213	2155
4061	2155
143684	2156
100996750	2156
57162	2157
7335	2157
165679	2158
55304	2158
1995	2159
1993	2159
55681	2160
2971	2160
91603	2161
58538	2161
9755	2162
9546	2162
2705	2163
4950	2163
359948	2164
9686	2164
7058	2165
7059	2165
51514	2166
80204	2166
9191	2167
162989	2167
10763	2168
3416	2168
4184	2169
653240	2169
55278	2170
283459	2170
114792	2171
64098	2171
4803	2172
22986	2172
1810	2173
4783	2173
4534	2174
54545	2174
27158	2175
57019	2175
11124	2176
54915	2176
92211	2177
8842	2177
1288	2178
3026	2178
57684	2179
10773	2179
26119	2180
3949	2180
1302	2181
4921	2181
2245	2182
26	2182
653048	2183
10138	2183
5095	2184
5096	2184
7546	2185
285671	2185
3274	2186
11325	2186
4693	2187
8322	2187
22944	2188
79091	2188
4712	2189
51079	2189
84893	2190
11040	2190
51806	2191
7053	2191
23746	2192
51667	2192
54903	2193
91147	2193
11069	2194
89927	2194
825	2195
6196	2195
23365	2196
1902	2196
1654	2197
3614	2197
1052	2198
79711	2198
348180	2199
90353	2199
6924	2200
57455	2200
387836	2201
100431172	2201
5527	2202
8870	2202
11075	2203
9628	2203
1361	2204
5858	2204
11274	2205
373856	2205
471	2206
132	2206
84057	2207
29893	2207
6555	2208
2172	2208
611	2209
2780	2209
109	2210
161003	2210
939	2211
970	2211
54957	2212
24148	2212
6423	2213
5076	2213
4319	2214
63827	2214
80224	2215
26502	2215
51043	2216
92856	2216
72	2217
4629	2217
28999	2218
9841	2218
59343	2219
100288797	2219
3171	2220
6898	2220
3037	2221
2673	2221
65008	2222
124995	2222
7298	2223
1719	2223
3059	2224
64342	2224
2305	2225
25827	2225
2050	2226
2056	2226
387990	2227
84134	2227
54739	2228
55905	2228
55869	2229
401551	2229
10622	2230
10623	2230
1033	2231
932	2231
10153	2232
3902	2232
5965	2233
3840	2233
59269	2234
2273	2234
200576	2235
10244	2235
140290	2236
10608	2236
5218	2237
219771	2237
7447	2238
348487	2238
11228	2239
122786	2239
23214	2240
1729	2240
6297	2241
83637	2241
22934	2242
5110	2242
3853	2243
3860	2243
22978	2244
79817	2244
7458	2245
83638	2245
56911	2246
158067	2246
23199	2247
55758	2247
55308	2248
57409	2248
25844	2249
84272	2249
26749	2250
64396	2250
3589	2251
3590	2251
8715	2252
10302	2252
92822	2253
127557	2253
56672	2254
123228	2254
51130	2255
140459	2255
10422	2256
63891	2256
9689	2257
28969	2257
11133	2258
55846	2258
2120	2259
26233	2259
9931	2260
64754	2260
10248	2261
138716	2261
8609	2262
81545	2262
64215	2263
3700	2263
25977	2264
9892	2264
6004	2265
51573	2265
163126	2266
126272	2266
6623	2267
6532	2267
9053	2268
59341	2268
847	2269
27	2269
5015	2270
127343	2270
1045	2271
39	2271
6447	2272
5126	2272
5775	2273
23140	2273
51548	2274
2001	2274
7072	2275
10922	2275
10945	2276
55738	2276
8148	2277
171017	2277
8867	2278
23616	2278
4288	2279
56992	2279
2969	2280
5396	2280
8740	2281
8771	2281
7410	2282
4752	2282
5774	2283
1645	2283
58487	2284
64927	2284
57144	2285
389119	2285
5916	2286
4135	2286
10691	2287
26205	2287
1821	2288
57716	2288
79109	2289
11135	2289
96459	2290
201163	2290
22	2291
2235	2291
8928	2292
2291	2292
54101	2293
84231	2293
6843	2294
6805	2294
79659	2295
51626	2295
4898	2296
5173	2296
55024	2297
3709	2297
5175	2298
952	2298
10612	2299
23046	2299
5376	2300
4359	2300
7293	2301
7292	2301
5069	2302
5553	2302
10307	2303
27071	2303
2984	2304
2980	2304
128178	2305
10913	2305
5287	2306
4058	2306
10801	2307
346288	2307
55824	2308
27165	2308
23077	2309
200933	2309
10435	2310
23092	2310
60626	2311
92285	2311
575	2312
8938	2312
10062	2313
54929	2313
8728	2314
3084	2314
6596	2315
7336	2315
11078	2316
79654	2316
7272	2317
566	2317
57602	2318
6648	2318
7347	2319
81570	2319
79871	2320
51184	2320
8027	2321
56937	2321
57559	2322
140545	2322
23192	2323
79686	2323
2631	2324
8508	2324
9098	2325
91526	2325
7727	2326
7568	2326
2194	2327
144811	2327
342371	2328
159195	2328
6736	2329
7757	2329
353497	2330
26073	2330
64092	2331
29990	2331
112398	2332
64344	2332
104	2333
115098	2333
253725	2334
23307	2334
253714	2335
4796	2335
7993	2336
64786	2336
10116	2337
9856	2337
3805	2338
3135	2338
3663	2339
248	2339
57447	2340
481	2340
10613	2341
155465	2341
6835	2342
8703	2342
3996	2343
4179	2343
51499	2344
27166	2344
4102	2345
100506742	2345
3068	2346
8339	2346
2081	2347
51347	2347
140685	2348
27351	2348
25939	2349
124535	2349
5696	2350
5243	2350
4646	2351
146691	2351
51194	2352
84812	2352
4077	2353
6860	2353
27246	2354
338382	2354
23221	2355
124540	2355
9587	2356
51763	2356
204851	2357
3233	2357
57820	2358
9852	2358
54939	2359
28991	2359
2492	2360
2868	2360
4139	2361
4134	2361
84248	2362
7102	2362
23235	2363
11190	2363
23059	2364
51550	2364
79650	2365
26827	2365
55037	2366
10581	2366
51340	2367
151903	2367
3939	2368
3945	2368
2821	2369
54625	2369
2181	2370
2182	2370
8942	2371
6611	2371
2319	2372
1797	2372
55178	2373
10884	2373
7453	2374
10263	2374
353	2375
7372	2375
5729	2376
81573	2376
137735	2377
84448	2377
51435	2378
9144	2378
80028	2379
23194	2379
51566	2380
84232	2380
115948	2381
93233	2381
4332	2382
3212	2382
1030	2383
65263	2383
493829	2384
7328	2384
25934	2385
2053	2385
64839	2386
65986	2386
55795	2387
401388	2387
126133	2388
51071	2388
3612	2389
3613	2389
389421	2390
131405	2390
201456	2391
54675	2391
54931	2392
2926	2392
26227	2393
6094	2393
56203	2394
131377	2394
114088	2395
143884	2395
3683	2396
7087	2396
7913	2397
284307	2397
63826	2398
26263	2398
50619	2399
57594	2399
57096	2400
79848	2400
85302	2401
84680	2401
6472	2402
29767	2402
337867	2403
4008	2403
10221	2404
83931	2404
51213	2405
51593	2405
26046	2406
9147	2406
60496	2407
6491	2407
139628	2408
553115	2408
5831	2409
29920	2409
129285	2410
9946	2410
245973	2411
9550	2411
7423	2412
7148	2412
150274	2413
644096	2413
9774	2414
23592	2414
51444	2415
57060	2415
9910	2416
257169	2416
139599	2417
115992	2417
23014	2418
85445	2418
55904	2419
9436	2419
27340	2420
9858	2420
23300	2421
56897	2421
284184	2422
79133	2422
29914	2423
6646	2423
7364	2424
1576	2424
1990	2425
5266	2425
221184	2426
63893	2426
1854	2427
9825	2427
139716	2428
1435	2428
633	2429
8840	2429
6035	2430
6050	2430
3119	2431
3118	2431
89858	2432
55907	2432
177	2433
6283	2433
9637	2434
60592	2434
820	2435
2358	2435
6522	2436
2038	2436
4239	2437
6441	2437
22866	2438
85358	2438
383	2439
384	2439
10741	2440
79693	2440
7417	2441
3098	2441
58503	2442
6779	2442
6965	2443
6964	2443
22859	2444
23294	2444
84665	2445
200539	2445
1084	2446
122011	2446
5333	2447
2596	2447
51535	2448
838	2448
4071	2449
290	2449
1369	2450
1370	2450
54985	2451
51617	2451
57010	2452
778	2452
84650	2453
10682	2453
22903	2454
5365	2454
6609	2455
427	2455
9228	2456
57502	2456
1233	2457
157	2457
84258	2458
6861	2458
57731	2459
5799	2459
4354	2460
23549	2460
10846	2461
10885	2461
5453	2462
5456	2462
1464	2463
80852	2463
10489	2464
4650	2464
410	2465
9514	2465
136227	2466
129080	2466
1394	2467
114131	2467
1365	2468
7122	2468
23095	2469
64506	2469
11260	2470
23039	2470
7498	2471
696	2471
5264	2472
23305	2472
8738	2473
54462	2473
2797	2474
114814	2474
56957	2475
152137	2475
55805	2476
576	2476
138429	2477
8395	2477
64096	2478
5623	2478
64137	2479
9619	2479
9497	2480
8671	2480
10475	2481
23270	2481
2676	2482
9048	2482
3061	2483
1268	2483
10648	2484
4246	2484
2990	2485
1066	2485
10653	2486
3699	2486
83853	2487
83861	2487
83874	2488
56157	2488
7441	2489
29802	2489
5732	2490
9536	2490
55124	2491
54514	2491
10647	2492
4250	2492
152028	2493
50604	2493
29954	2494
10585	2494
83547	2495
83871	2495
114902	2496
83552	2496
57453	2497
23228	2497
84221	2498
5073	2498
5805	2499
252995	2499
157739	2500
23464	2500
1727	2501
3048	2501
353091	2502
80329	2502
157638	2503
7389	2503
64218	2504
26762	2504
84735	2505
55748	2505
57671	2506
9645	2506
29842	2507
7342	2507
9742	2508
55764	2508
83851	2509
255928	2509
63917	2510
4585	2510
201266	2511
219738	2511
5341	2512
3632	2512
122876	2513
170589	2513
2638	2514
10169	2514
160851	2515
8527	2515
1123	2516
51409	2516
1667	2517
1668	2517
5653	2518
462	2518
251	2519
250	2519
6567	2520
6906	2520
7306	2521
7299	2521
2719	2522
7477	2522
7356	2523
55716	2523
2258	2524
6334	2524
10232	2525
94025	2525
292	2526
1159	2526
1048	2527
57540	2527
1160	2528
56944	2528
5257	2529
54976	2529
164656	2530
148738	2530
5272	2531
9842	2531
5833	2532
79831	2532
1102	2533
10667	2533
283518	2534
85359	2534
286514	2535
4253	2535
55322	2536
84337	2536
79656	2537
56998	2537
79096	2538
22899	2538
1635	2539
115416	2539
1378	2540
2526	2540
629	2541
5199	2541
79025	2542
65056	2542
129521	2543
10316	2543
9187	2544
1259	2544
25953	2545
2027	2545
374	2546
6276	2546
2954	2547
2937	2547
5122	2548
27344	2548
51393	2549
55974	2549
5540	2550
5539	2550
2170	2551
57698	2551
2805	2552
83862	2552
2936	2553
4951	2553
788	2554
90861	2554
3155	2555
58475	2555
415	2556
91304	2556
1892	2557
150472	2557
5939	2558
138311	2558
5636	2559
284131	2559
23585	2560
55262	2560
10360	2561
10361	2561
55116	2562
162417	2562
54977	2563
80345	2563
785	2564
10607	2564
57136	2565
84695	2565
55023	2566
81551	2566
2788	2567
51205	2567
51594	2568
93145	2568
57489	2569
51268	2569
8416	2570
55160	2570
29058	2571
252839	2571
9912	2572
51155	2572
80723	2573
116983	2573
55017	2574
85444	2574
11189	2575
55084	2575
644150	2576
128434	2576
284358	2577
93649	2577
374403	2578
5535	2578
51031	2579
53343	2579
84969	2580
92283	2580
57148	2581
57186	2581
149420	2582
339448	2582
5010	2583
10099	2583
57541	2584
100289678	2584
7915	2585
18	2585
2357	2586
6288	2586
8788	2587
2619	2587
6897	2588
123283	2588
963	2589
2678	2589
6484	2590
926	2590
342574	2591
3645	2591
5267	2592
3816	2592
91319	2593
4241	2593
8390	2594
29991	2594
146760	2595
4974	2595
79622	2596
89884	2596
56344	2597
387032	2597
56891	2598
51379	2598
56181	2599
55156	2599
283385	2600
89765	2600
338785	2601
3884	2601
51090	2602
54860	2602
127829	2603
7388	2603
144100	2604
57662	2604
338872	2605
387911	2605
93487	2606
114823	2606
84056	2607
7620	2607
6822	2608
27284	2608
150737	2609
80776	2609
23786	2610
255043	2610
23344	2611
57488	2611
200845	2612
79792	2612
118812	2613
57673	2613
55216	2614
57693	2614
65980	2615
375307	2615
55773	2616
284403	2616
117245	2617
87769	2617
130813	2618
2941	2618
134359	2619
1068	2619
129138	2620
7289	2620
1375	2621
165100	2621
83606	2622
1491	2622
4818	2623
4481	2623
9524	2624
201562	2624
54757	2625
56975	2625
25875	2626
7905	2626
440603	2627
8463	2627
54432	2628
286451	2628
5298	2629
64746	2629
196264	2630
10205	2630
257194	2631
10577	2631
50945	2632
27287	2632
84929	2633
4118	2633
