EntrezId	ModuleDC
55139	8
64651	1
2246	1
6046	3
23223	2
146845	1
54998	2
170626	1
4605	3
338328	2
917	1
4045	1
969	107
2287	3
3976	1
9112	3
26046	1
6029	3
55140	44
54622	2
8518	1
9125	3
5997	1
84930	3
3386	1
6759	3
1398	1
5598	1
944	1
57531	1
256714	2
91	1
115416	2
4055	1
9829	1
9711	1
150274	5
143098	1
3000	1
64839	2
6311	2
64420	4
79078	2
359787	3
117583	1
9097	2
56963	5
1687	2
10656	3
8085	3
114823	2
5978	3
4314	4
285172	2
9088	3
2802	1
5696	2
140838	1
874	2
115950	3
523	9
4438	3
5453	3
6272	1
7850	1
6159	3
4435	3
7525	1
53841	79
1147	1
221150	3
343035	3
10018	1
342945	2
9367	2
10549	1
55072	1
54413	1
2571	2
3550	3
27019	1
57325	3
824	1
5036	3
84258	7
56160	6
23567	3
26519	2
4125	2
10288	4
58473	1
6447	4
1973	3
11140	1
26235	2
50507	1
51475	1
10300	1
26468	2
80856	2
6096	3
3851	1
30845	1
64795	4
63893	1
1838	1
1731	17
2695	2
196383	6
122786	1
51412	23
56990	1
8216	1
6001	1
48	2
23208	6
26249	2
64376	2
112802	2
7292	1
51759	3
79723	2
4953	2
9702	2
7592	2
8968	3
79172	3
5204	2
7705	3
5272	2
79598	2
22807	3
653	2
6604	3
1108	3
64145	1
2237	3
5308	6
8352	3
57488	118
6670	3
54962	3
9630	1
125170	2
9001	2
2017	1
56005	2
170591	1
9726	2
10782	1
126074	3
27127	3
54780	2
8835	1
56256	1
5190	10
51182	1
23476	3
3744	2
306	2
171483	2
1559	9
3703	1
4799	3
997	2
26190	2
84934	2
5047	2
6397	1
79836	1
27283	8
3846	2
4535	5
64844	2
1230	4
79953	2
9056	4
8863	2
3638	2
374	4
3204	2
100287171	2
10628	1
3175	3
23161	1
4069	4
51390	2
9166	1
7008	3
28969	1
2535	4
10643	3
4056	26
6884	3
79016	2
968	1
4599	1
9114	9
55200	2
140801	3
7022	3
129685	3
9039	2
1350	2
9398	3
6726	3
57553	1
23229	1
10488	2
1659	3
10678	22
254359	2
7038	1
8445	3
3980	3
6871	3
1039	3
26871	3
4176	3
151194	1
8674	2
9054	5
55379	1
52	1
55602	3
8021	3
5590	1
7477	4
644150	1
284004	6
11189	2
372	7
2922	3
5551	1
79156	2
2000	3
23371	1
10045	1
79228	3
7465	3
8808	1
54931	2
25855	3
10398	1
9446	2
23633	3
3763	1
10573	5
55274	3
11060	1
2110	5
6048	2
10096	1
25788	2
10969	3
64386	1
26973	1
9261	1
27030	3
7270	3
1264	1
1809	1
9182	4
9748	1
10686	58
54453	1
151011	17
2980	1
23172	7
51322	3
7504	2
10389	3
2050	1
661	3
6329	1
4041	4
282616	4
79663	2
10625	3
7263	5
22850	3
10810	1
5283	25
9262	1
8831	1
915	1
23338	3
9520	2
10207	1
8828	1
10581	3
2870	1
6521	1
25825	1
2258	1
10233	1
57628	1
153090	1
388389	2
90326	3
4759	2
160419	2
5814	3
10495	2
4363	5
57707	2
9732	1
23118	1
9080	73
29796	2
916	1
51374	2
85464	1
4277	4
64744	2
4109	46
7318	1
29085	5
11237	1
84701	2
1015	1
10002	3
2673	2
117194	10
254225	2
26251	15
3399	2
1369	4
11021	7
1370	4
3710	1
84984	2
5250	5
284904	2
91522	1
1159	10
730394	3
154810	1
3759	1
4332	3
55297	1
55631	1
10312	9
152015	11
375484	2
55125	2
26057	2
7187	1
8907	1
3655	1
6273	1
23255	1
10550	9
91768	3
23521	3
5266	4
7783	4
23129	7
25873	3
26151	2
2059	1
4710	5
79971	1
9497	1
728689	3
3356	1
2646	4
6746	3
4223	2
134288	2
6906	103
84206	2
55793	3
55193	3
5349	3
171546	6
11178	2
79866	2
285025	1
3224	2
5977	3
29984	1
79607	13
5796	4
3096	2
54555	2
8530	4
126374	1
3219	2
53826	2
23387	1
3925	1
378884	12
2553	2
9852	2
729233	4
5413	17
10038	3
84061	3
100287932	18
5824	10
55355	3
23082	3
928	1
9127	1
5601	1
55698	2
55937	2
8692	1
286075	2
7940	56
3127	4
10094	1
1160	2
9180	1
64321	1
57030	1
6778	1
839	1
23138	1
4985	1
90459	3
116988	3
3563	1
399687	4
28958	2
1822	2
10599	3
51277	3
3679	2
9782	3
10850	4
9108	2
10597	2
10748	1
283385	2
91752	2
6386	2
441519	2
10579	3
6688	3
23150	1
10248	20
51360	67
1514	4
8301	1
1285	4
23051	2
23133	3
55119	1
5800	1
353376	1
11337	6
3205	2
51090	4
51228	2
51300	5
7135	1
55837	2
11264	10
1421	7
8940	2
140456	3
25764	2
57135	2
64388	2
10432	3
8553	2
2168	4
5553	4
84128	3
5534	1
54894	2
1586	9
121504	3
55536	2
23608	3
5992	2
1756	1
10212	3
9721	1
57453	1
23178	3
2249	1
132321	2
112840	3
9526	1
5585	1
115201	6
58516	4
79763	10
84726	3
5611	1
8837	1
27022	3
79660	12
4634	1
4487	3
10616	1
4712	5
84224	2
55208	2
8520	3
3484	4
414157	2
153527	2
50944	1
8626	3
4294	1
10243	1
79441	2
6339	1
6772	1
5473	1
51763	2
9519	3
7305	4
7415	1
10005	10
9022	1
22872	2
9643	3
65078	2
168417	2
10427	9
128	3
337	4
1446	1
10099	2
10735	3
25980	3
962	1
8436	2
10241	2
8844	1
7568	2
80196	1
6509	2
3156	1
7337	2
6010	1
23400	6
9047	1
6025	1
64318	3
3459	1
6832	1
10053	1
4616	3
5868	1
6258	3
2307	2
22914	4
816	1
80321	2
219699	1
727	4
2670	1
84261	2
6689	3
4745	2
5275	4
1939	4
7358	4
4841	3
220686	6
84650	96
140825	1
4804	1
6657	3
84171	6
5480	2
50650	2
51107	1
84259	2
284352	1
1535	1
7114	1
84674	1
29789	3
5564	12
1211	1
54797	8
266743	3
3817	4
10485	1
55034	1
3117	2
54532	1
966	1
5549	4
83892	2
7750	3
25940	32
80013	2
64320	2
4685	1
11104	2
54910	1
9904	2
199953	3
51056	7
27089	2
1806	1
55957	3
6938	2
3623	2
10992	3
132789	2
4796	3
7965	2
5469	3
284338	2
8673	2
161003	1
84529	3
23533	1
5648	4
100526773	1
2627	3
3823	4
10101	8
51207	1
55855	2
990	3
940	1
548644	3
1952	3
5226	12
10849	3
6432	3
65009	2
149628	3
147912	2
4318	4
1875	3
5898	1
10148	2
9716	3
8733	8
10262	3
6303	2
9203	3
7533	1
435	2
83696	2
8738	1
6370	4
9138	1
4798	2
381	1
1184	1
147872	2
55974	81
374403	2
84317	9
84076	13
3993	1
57472	3
7874	2
629	4
1812	1
11077	3
2669	2
5431	3
83861	11
84717	3
9475	1
29106	4
5441	3
79596	3
2182	59
9750	1
3802	4
55905	4
3190	1
92799	1
114991	3
56938	3
1994	3
5609	1
4253	2
8175	3
84457	2
1454	1
81928	1
91807	1
79947	5
339	3
10512	1
5915	3
4225	4
10569	3
149041	3
27097	3
4855	2
4905	2
924	4
8502	1
8970	4
22929	2
2792	1
819	1
84958	7
55165	2
80273	18
49855	7
6646	113
80781	4
1956	1
24137	3
6648	8
765	4
128272	1
5837	1
60685	8
79586	2
64102	6
54543	2
57862	2
51422	12
90780	3
5097	4
8503	1
1326	1
4582	1
54715	2
898	3
8382	2
6158	3
308	1
51433	3
1041	2
55041	2
762	1
5954	3
317671	9
64968	2
7458	2
1429	7
55257	3
23137	6
4751	3
79656	2
3687	4
6768	4
55832	2
7629	3
57510	3
23428	4
5243	3
1132	1
131377	80
5617	1
286827	5
123879	2
6324	1
6448	2
9098	1
8739	1
84922	1
4040	4
2587	4
84033	1
55272	2
5511	3
114907	3
3577	1
5110	4
3149	2
54221	1
9217	2
3768	1
6259	4
79736	6
8322	1
80714	2
2619	4
54534	5
25896	3
3673	4
7474	4
170572	40
54514	86
4607	1
9228	1
56413	1
3572	1
84282	7
660	1
80349	3
84340	3
57523	1
3067	2
8870	1
1104	3
4046	1
9205	3
6697	1
8556	3
3772	1
11219	3
2197	3
7139	1
221955	57
117584	1
3725	3
5307	2
23286	1
84817	4
10036	3
11344	1
7481	2
2488	1
388697	1
55236	2
10728	1
64147	6
834	1
84154	3
5861	1
9792	3
1465	1
51117	23
2935	3
54552	2
55534	4
5195	10
4115	2
23111	1
51043	1
79673	2
2831	45
5692	2
79682	3
57492	3
11076	1
3371	1
5998	1
201633	5
60672	1
7369	4
64848	3
57511	27
2694	4
5663	1
23193	1
116225	2
5858	4
6655	1
23710	6
4615	1
4683	3
57680	3
8202	3
80169	8
85509	3
2037	1
55706	3
79176	2
6121	4
257194	5
25937	1
260434	1
7043	2
784	1
10844	1
9764	1
128229	3
2771	1
8607	3
8801	5
6291	4
79839	2
51678	3
7012	3
10048	1
27040	1
57546	1
3738	1
80306	8
11017	3
55702	3
83737	1
55922	3
11161	3
5021	4
1997	3
2705	1
4208	3
11075	1
114897	2
26589	5
84306	3
7812	3
6626	3
55565	2
84321	3
8087	3
2116	53
1030	2
9457	2
22983	1
8915	1
1909	1
374354	2
10635	11
57658	2
137209	2
5900	1
2900	1
51125	1
283152	2
3813	4
80705	2
27343	3
116986	1
1392	4
55030	2
2914	1
5411	3
91687	3
4131	1
23168	3
5950	4
100134934	8
25876	2
2131	63
8780	1
2629	7
6483	7
79633	2
399947	2
94086	1
11094	2
5923	1
84142	3
84448	1
25906	3
79009	3
2290	2
23658	3
57678	3
1241	1
3895	1
528	9
256364	1
2539	1
6286	1
64834	4
83744	2
4317	4
7802	6
246175	3
128240	4
1627	1
55347	2
84897	3
7884	3
782	1
83541	2
6422	4
9901	1
7409	1
26995	64
140710	2
267020	5
132884	2
6288	4
10910	1
176	4
9210	2
5979	1
55907	1
23126	3
1745	2
1743	2
23539	1
5090	2
26053	3
128710	3
84950	3
25776	1
1871	3
130951	2
6780	3
5516	1
6687	2
64326	2
10193	1
26056	1
81628	2
8290	3
8867	1
4147	4
9898	3
9524	1
387338	2
3557	1
153328	2
7507	3
84221	2
5099	1
27102	1
5984	3
339745	1
8462	3
636	1
2051	1
29058	2
9820	2
11119	30
291	1
4952	1
222229	3
51378	1
7324	2
611	1
5733	4
3689	1
54474	2
1953	2
54957	3
2162	4
57405	3
83732	3
6050	2
11022	3
11040	5
8359	3
4194	1
3265	1
4170	1
58538	3
56181	21
5394	3
79989	14
51806	1
23636	3
2735	1
1565	9
130940	2
8351	3
5328	4
404672	3
55898	1
2719	4
339967	3
6015	3
118812	2
8934	1
10381	6
84181	2
7678	2
55284	2
153241	2
1314	7
55166	3
55759	3
138151	3
57045	4
55604	1
57697	3
2966	3
23002	1
80227	2
529	9
84932	2
253461	3
2020	2
29888	1
3135	4
55435	1
4190	5
123887	2
2009	6
5444	4
9416	3
54981	1
3006	3
51741	1
116835	2
2667	1
23203	18
51637	32
147339	3
5324	2
51171	2
5695	2
10213	2
22980	2
5831	2
116369	1
6404	1
6119	3
9276	7
6041	8
51474	1
26520	2
2641	4
54102	1
5189	10
623	4
1894	3
37	1
7278	1
221154	1
55964	17
10017	1
9033	1
10527	3
84331	2
1294	4
4645	1
3868	2
4773	1
4301	1
1436	1
93973	2
10692	1
84986	2
829	1
90441	3
80310	1
79792	1
3249	4
1442	2
79738	9
25976	3
129285	114
125150	3
8468	1
337867	2
92070	2
22995	2
375850	3
132320	5
84570	1
11276	1
347862	7
4016	4
6193	3
4862	3
83939	1
29893	3
5935	3
343521	2
150678	2
55824	1
23607	1
5983	3
23406	26
54475	2
79850	4
10418	1
6576	3
5346	2
80723	82
51714	9
51744	1
57292	1
1018	3
9069	1
100996642	3
4642	1
29116	6
340205	1
64359	1
94235	1
5327	1
1642	3
200909	40
6356	4
55644	2
230	1
285643	2
3192	3
5961	42
4201	1
64430	2
79612	2
30835	1
342510	4
54464	3
64446	1
4808	2
66036	2
64710	4
1448	2
50852	1
5297	1
54876	2
55450	1
56943	3
63941	1
8975	1
6164	3
1998	2
101060399	2
79960	3
1393	4
10565	3
1968	3
55773	2
9970	3
26234	2
23277	7
55697	2
89885	2
5771	1
57584	1
11073	3
7515	3
27130	14
4938	6
55704	1
1263	1
1088	78
127544	61
51728	3
6579	1
4440	2
55250	1
6360	4
84552	1
114825	3
2633	4
90293	2
4867	1
6457	1
145957	2
113791	2
1345	2
57616	2
96459	2
23140	2
5786	1
5092	2
9075	1
22794	3
8789	2
31	7
7276	4
26521	1
51550	2
2491	3
85441	3
8815	3
55658	2
2021	1
3109	1
6134	3
2592	2
9189	2
9861	2
10270	3
124056	1
55847	1
728642	1
1499	1
134391	4
55209	2
388	1
63922	3
2030	3
2064	1
2149	1
51647	8
283234	2
4848	3
482	1
84260	2
5133	34
114	1
2495	3
9123	2
387990	2
7046	1
6363	4
58533	1
51316	2
23503	2
255738	1
23212	3
81493	1
90423	2
9312	15
11321	3
3274	3
55615	1
56947	1
9061	5
8224	1
10332	1
2001	3
5689	2
2959	3
653583	3
64770	2
222894	2
207	1
84967	3
55593	1
5396	2
2081	1
8612	2
2526	1
4355	1
51304	2
10211	1
3914	4
1829	1
902	3
6435	4
54913	20
8128	1
55080	1
51291	2
26015	3
84823	4
54583	1
8399	4
26585	2
11064	1
2209	1
79733	5
5629	3
1641	1
3077	4
1613	3
23220	1
79465	4
84859	1
5428	2
143471	2
5636	8
515	5
57591	3
988	3
283987	2
5867	1
1748	2
7142	3
595	3
9662	2
1069	2
2972	3
4703	1
81688	5
4057	4
9045	3
9994	1
5903	3
220164	1
7919	3
80351	1
51427	1
2665	1
6036	8
22834	3
1119	3
51439	2
150684	2
3786	1
134265	3
5778	1
4267	2
63940	1
27330	1
22905	1
5127	1
60485	1
6358	4
5138	1
54793	2
64118	3
113130	3
27295	1
1811	1
9640	3
3174	3
3818	4
94122	2
136319	2
4987	1
6152	3
1820	3
27434	3
23643	1
1180	6
1032	2
286262	1
5359	2
2268	1
83452	1
10134	1
4887	4
23063	3
10133	1
1852	1
5731	4
1045	3
414301	2
51495	1
55904	4
29941	1
4105	2
808	1
54361	4
1943	1
154043	4
92305	2
8076	4
5566	1
22955	3
27246	2
29057	2
84688	1
7461	3
9448	1
6619	3
4928	3
59340	1
85300	1
3358	1
7408	1
1645	2
6900	1
10197	2
9454	1
55052	1
23774	2
114791	1
10465	52
50674	5
2956	3
114836	1
11184	1
85403	3
22839	1
9126	3
56903	3
79073	1
220064	13
1238	4
6239	3
10370	2
6217	3
112752	2
55197	3
440275	2
947	1
9813	3
8721	1
25828	2
55677	3
54857	6
2122	3
23518	2
10516	2
608	1
427	2
51371	2
51428	3
840	1
8038	1
8239	1
93659	1
6693	1
4758	7
25950	3
1656	3
23499	7
4481	2
65083	3
50810	1
112464	2
1386	3
130497	1
768	2
29956	4
929	1
54504	2
220441	9
11279	3
51106	2
171392	2
4060	2
284992	2
64708	2
6223	3
83637	2
100526832	6
63973	2
2783	1
9479	1
2217	4
1850	1
3912	4
8892	3
81890	2
83752	10
975	1
6144	3
5908	1
1488	3
11202	2
84232	2
222546	2
2042	1
7494	3
7005	29
4632	1
55194	2
22853	1
10042	1
2261	1
92335	1
10652	2
140461	2
25837	1
3595	10
1024	3
6231	3
5436	3
126070	2
64506	1
6749	3
8778	2
150368	1
1075	4
3420	7
10393	3
57659	3
80256	2
642	6
7798	5
29935	3
9512	18
10345	49
55253	3
10663	4
5822	66
6130	3
51451	2
84060	2
5737	4
151613	3
54921	3
8326	4
7389	102
26580	4
11311	2
84445	2
4259	4
57718	1
23657	4
64332	1
23228	1
2570	1
1462	4
3568	1
8681	1
7545	1
112858	2
65265	2
7462	1
26511	2
55839	3
9684	2
2260	1
7482	4
2046	1
10762	3
80789	3
11338	3
7538	1
522	5
57338	2
6588	12
10651	2
6622	1
80818	3
7728	2
1432	1
8473	3
5031	62
56478	3
119392	2
8644	2
92609	18
84720	4
50615	1
2804	2
65109	3
84618	2
144347	2
2353	3
3189	3
10443	52
4854	1
114971	2
121441	1
11183	1
23560	3
51710	3
9378	7
6571	1
115703	2
55110	2
3146	3
4192	1
113146	6
56674	5
6881	3
137868	4
79923	8
55748	93
23265	1
84898	4
79622	2
53942	2
7804	1
8784	1
4969	2
51633	2
11123	1
3773	1
6927	3
90070	4
58503	28
8773	2
6890	2
5145	1
57478	1
10613	2
7158	3
5724	1
27348	2
338785	2
57215	3
7073	3
8792	1
672	3
25831	5
4983	1
284358	3
9271	3
3758	1
2814	4
200539	1
2199	4
100526842	3
487	12
7852	1
4849	3
90594	2
23764	2
2896	2
90249	1
23030	3
8761	3
9802	2
79693	3
5371	3
57574	1
84838	2
4142	4
4669	2
147746	6
5291	1
131405	95
8028	3
55902	3
84188	1
55049	2
7156	3
10766	3
2921	4
23288	2
1903	1
3131	3
55243	1
202559	3
55340	4
4650	1
29062	2
3239	2
84274	23
80329	4
8497	1
23370	1
51645	3
9928	2
84904	2
404665	56
11031	5
190	3
1947	1
51726	2
6007	3
4668	1
6331	1
8563	3
85477	1
5498	2
55752	17
3385	1
80155	2
89796	2
23090	2
57213	2
652968	6
57082	3
9055	2
2322	1
60676	4
1612	1
26576	3
6767	1
11244	2
4622	1
54700	3
51130	2
7311	3
29914	113
8549	31
51016	5
6548	1
5729	4
3953	1
4593	11
8767	1
3430	2
155368	1
80263	1
116224	1
7476	4
391	1
53335	3
26240	2
2339	1
11284	2
8811	4
55802	3
4880	21
134430	66
6120	3
5163	10
285195	1
1493	1
361	1
6222	3
6238	4
5143	1
22820	7
28965	6
3757	1
9360	3
55869	3
10808	1
1397	1
8431	3
79012	3
113	1
55322	5
3841	3
55352	3
5108	2
64411	1
64928	5
794	2
1380	4
837	1
246184	3
8573	1
23550	1
7916	3
4975	2
90673	12
219771	1
11332	2
124801	8
115572	2
29851	69
10600	3
273	1
284119	2
23390	1
5510	1
85440	1
23595	3
4752	1
653857	1
164153	1
4601	3
4094	3
6492	3
79899	1
388407	1
56341	3
10781	2
4947	2
50626	4
284086	1
9209	1
406881	3
139599	1
378465	2
7041	1
25948	2
152137	1
443	2
8971	3
4931	3
6817	35
26059	1
29119	1
5378	3
118472	2
55627	3
8572	1
388677	2
23087	1
163786	2
9580	1
153657	2
1737	10
1982	3
3475	3
793	1
6874	3
55723	3
26578	1
26523	3
8877	1
5532	1
6511	2
9946	114
5671	2
3309	1
5128	1
23144	3
23067	3
11082	1
2982	1
260425	1
127703	2
6870	4
7105	2
276	22
6169	3
91056	2
80755	1
8463	99
7881	1
3295	2
29760	1
51128	3
387357	1
1005	5
2700	1
10023	1
84944	3
8139	2
55768	2
25925	2
5813	3
56623	1
5567	1
79576	3
10146	1
55860	1
10817	1
2073	3
498	5
9275	2
54606	2
285180	2
7174	3
50846	4
57610	7
1417	7
64787	1
3822	4
171177	1
9	2
54363	4
5968	2
3400	2
55750	1
6672	3
57402	124
2191	1
8822	1
23522	3
25847	3
6173	3
241	26
102724594	3
126282	2
26508	2
3485	4
11165	2
8480	3
54675	112
8402	7
51755	3
25897	1
1984	3
6629	3
57226	5
85362	1
2012	4
80005	1
9436	4
28991	5
953	1
8528	10
2584	1
6702	1
55504	1
5298	1
9903	2
26292	1
56241	1
1475	4
57037	1
197259	1
347733	1
11157	3
6301	4
54433	3
56159	2
54900	1
11009	3
6748	3
201294	2
84456	2
1520	4
51619	2
10623	3
1356	4
79661	3
64129	2
80254	2
7259	2
253143	1
6102	2
117144	2
56919	8
2740	4
7439	1
388324	2
11099	1
55325	7
10456	1
55742	1
53833	38
64769	3
5049	1
3931	4
7020	1
3622	3
23303	1
3908	1
619279	2
3866	2
6297	2
8353	3
858	1
7391	3
91754	3
8804	3
84545	5
6018	1
2529	1
51660	6
57560	14
2555	2
23493	2
85379	1
80726	1
29979	2
6615	3
4054	2
57799	6
8325	4
55454	6
6755	10
85027	4
9179	1
10276	1
79885	3
112714	2
55729	4
23316	3
55004	9
124359	3
63925	3
1992	4
643	4
55228	2
6908	3
56652	2
2908	1
8615	1
3884	2
51204	2
5583	1
6351	4
63943	1
55505	3
78994	1
25924	2
6280	1
10010	1
54930	2
138046	2
30812	3
79886	2
200958	1
2672	3
10467	3
155465	2
55013	2
5719	2
54749	2
9965	1
25978	2
64840	4
3215	2
7644	2
1289	4
6543	1
5426	3
26127	1
116461	2
1368	9
245973	9
54830	3
7314	1
7097	1
29775	1
1193	2
54681	4
23451	3
1401	4
84951	1
25766	1
445	2
112398	24
200931	2
84953	1
10758	1
6376	89
121260	4
1114	7
114327	2
771	5
27238	3
2171	1
23582	2
10457	2
1123	1
54892	3
126638	4
7025	3
51208	58
1719	3
84273	2
2873	2
10755	1
58512	1
51361	2
8065	2
284252	2
84318	2
5309	3
2796	4
93107	15
9099	2
51366	3
26094	2
90019	3
26155	3
10314	1
496	2
10083	16
8994	1
80228	2
83539	1
55716	4
26051	2
695	1
3565	1
954	2
5818	5
5430	3
10645	1
4696	5
4541	5
9873	2
29887	2
54739	4
10924	3
64858	2
22801	1
3899	3
284654	31
5356	3
8834	6
28972	3
8515	1
53938	3
7030	19
84767	2
5970	3
5129	2
57524	1
5166	10
11170	2
3054	3
116444	1
10785	13
51686	2
79654	1
4660	1
343637	31
28987	3
958	1
3359	40
6829	3
5082	1
2934	1
80145	3
8548	2
648	3
55841	1
54937	2
81610	1
27445	1
57561	1
6964	1
51804	2
51692	3
5193	10
860	3
388633	4
115548	1
9252	1
4303	2
27033	2
4644	1
55585	1
1959	2
65993	1
7547	1
705	2
406	2
6730	3
56911	101
140679	1
909	4
84080	2
4085	3
6478	1
10870	24
149233	10
54926	2
58475	2
2104	3
494115	6
51335	3
6402	1
79089	2
9646	3
57119	4
7407	2
1340	2
55814	3
2962	3
283742	32
5269	4
84498	1
187	2
5203	2
2902	1
81027	1
55012	2
8925	1
8636	2
9706	6
158405	6
56288	1
57099	1
9014	3
2332	3
115677	1
1113	4
6367	4
389434	2
10076	1
10529	1
25888	3
51586	2
337960	2
10369	1
163071	2
51116	3
84832	2
5338	1
51665	2
282618	4
334	1
199713	2
1901	1
112476	1
4496	4
6336	5
154865	2
85417	3
84547	2
114781	2
55680	1
9575	3
53905	2
3754	15
1415	7
2200	4
3699	4
10449	10
6940	1
11035	1
5780	2
7597	1
10916	3
80319	1
9982	4
6774	1
285220	1
54920	2
57132	2
8941	1
10570	1
55809	3
9771	1
10422	1
387856	2
5713	2
51076	2
153	1
6293	2
4801	3
6228	3
3592	10
92369	6
239	6
1163	3
117143	3
5478	7
91653	1
10741	3
123920	1
3800	1
4193	3
23401	1
54994	4
9392	2
10152	1
92086	4
91526	1
4600	4
9648	7
54518	1
84101	4
80308	2
1739	1
140628	3
1961	1
5296	1
81892	5
9135	1
57522	1
3680	4
24	42
54812	1
5875	1
3297	1
8796	2
6309	106
81603	1
11113	1
114548	2
219333	11
79080	2
11273	1
2053	2
2971	3
54556	3
8312	1
2775	1
3094	2
7432	1
4327	4
8668	3
259173	1
85301	4
9134	3
375790	2
10750	1
7703	3
2977	1
5372	1
54902	2
3500	7
5523	1
5873	2
5121	1
2781	1
54984	4
54440	1
8317	3
23061	6
23254	2
79048	2
56243	2
7791	1
10672	1
54918	34
84867	1
83871	2
6535	1
116154	2
151112	2
55859	2
28976	5
55610	2
3164	3
7071	3
9776	6
4878	21
56888	2
54458	2
7431	1
57565	2
23617	2
3656	1
9117	2
894	3
868	1
150472	1
140947	2
687	3
6168	3
79034	3
293	2
3939	7
114790	2
9501	1
3665	4
109	1
80851	2
4744	1
401	67
55810	46
26031	1
59343	1
84811	3
25949	2
2098	5
91304	23
4731	5
1000	1
64072	16
51142	5
84623	1
134701	2
4826	12
3596	1
8720	1
23566	1
11091	3
220972	1
8833	2
50511	3
388531	1
51191	3
148022	1
4610	3
54845	2
143689	3
55219	2
10100	1
29090	18
5580	1
651	4
10631	4
551	4
3084	1
9765	1
9814	2
84309	1
29974	3
3429	4
5684	2
3562	1
348303	2
30846	1
84812	2
11074	2
744	2
10232	122
29992	1
4254	1
6133	3
64135	4
129831	2
22926	3
9554	2
3107	4
80742	3
10942	4
9437	1
100529261	1
162333	1
55231	2
1084	1
65266	1
10254	1
3075	4
57143	1
23545	9
5002	6
6157	3
23354	2
9584	3
6612	3
151742	1
51250	3
5530	1
525	9
1877	3
84311	5
51438	2
7551	2
2920	4
9678	3
55916	3
10528	3
23329	2
192670	3
284217	4
10430	4
8859	3
10627	1
9315	2
25833	3
2114	3
6692	2
1191	1
8974	4
9993	1
23031	1
51266	2
9104	3
3797	1
9044	1
11151	1
116540	3
5160	10
376267	1
6659	4
389119	1
84289	3
4693	1
6400	2
51608	2
79897	20
310	1
27031	7
55717	3
7375	2
8900	3
55167	3
285527	1
84447	2
55915	6
84539	4
93099	1
3291	3
2243	4
653808	2
26038	3
9985	3
27044	3
9525	2
8337	3
7464	3
165	2
5976	3
54815	3
3182	3
64978	5
23026	1
23158	6
10135	4
255631	4
8731	3
55571	3
9656	3
55326	2
10982	3
57619	1
4776	1
140688	3
7277	1
6591	4
489	12
9806	1
7133	1
23145	2
5154	1
285190	3
4915	1
406884	3
5001	3
9830	1
2909	1
80176	6
29895	1
9051	1
8705	8
9355	2
55040	1
6990	1
8361	3
126393	1
54855	2
79801	1
3083	4
245812	2
55105	1
64754	87
55184	2
23746	2
10219	97
26230	1
84708	2
23568	2
4062	5
11261	1
29969	3
51778	1
4086	2
2358	4
1495	1
23382	2
55183	2
4326	1
116987	1
285242	40
10324	2
57020	5
22897	7
9948	1
9915	3
55361	1
121512	1
29785	2
7555	3
1938	3
6652	4
7352	1
54970	1
146057	3
27148	1
386724	68
51805	23
353142	1
200558	3
83659	2
51317	3
1668	4
800	1
23569	3
22908	7
102157402	2
23029	3
4140	1
283518	2
5361	1
55530	4
221037	3
55363	3
8342	3
7204	1
4783	2
27443	5
1962	2
170463	2
27185	1
286499	3
9569	3
2244	4
3783	5
23621	1
26037	7
1845	1
160	1
84632	1
100131997	2
4298	3
6364	4
79784	1
6794	1
1106	2
388818	2
8443	7
11156	1
339976	1
1491	2
9552	5
10073	3
55827	1
57455	3
80709	3
283248	3
55629	3
375056	4
51668	14
155382	1
150372	1
55275	2
10009	3
79817	2
4625	2
55333	1
57117	3
6098	1
404093	1
29922	2
10015	1
5775	2
23166	92
11011	4
5528	1
23645	1
5607	1
8568	1
993	3
9870	1
81555	6
10606	2
23112	3
6553	1
9826	1
91750	3
10978	3
23199	3
114034	3
157310	1
53904	1
152816	2
24142	2
55048	1
391104	2
9992	1
340371	2
2177	3
55258	2
7982	1
26128	2
65251	3
5265	2
23025	1
8648	3
9092	3
85280	2
25	1
55149	1
9854	1
1902	1
80258	2
10280	1
9133	3
6545	2
27151	4
148266	2
9775	3
229	9
5741	2
51444	3
1329	2
2647	2
338699	2
9463	1
58	1
22984	3
2887	1
5132	1
9202	2
9637	7
23028	3
5770	1
1288	4
30837	1
114815	1
10479	1
8881	3
4611	3
2632	12
118924	6
10913	1
5208	1
9623	1
11334	2
84148	3
284680	2
23224	11
57520	3
5524	1
84699	4
4302	3
1025	3
10552	1
284058	2
8396	24
8424	2
1729	1
23368	1
55084	2
120379	2
30816	2
54938	2
5198	2
7475	4
1647	3
84418	4
6887	2
256933	45
3456	1
83715	1
81551	2
64431	3
50628	3
11152	3
1606	1
7398	11
57167	8
6390	5
6725	1
79718	3
3275	3
218	2
54861	1
10204	3
22899	2
51061	2
2029	2
51706	2
10316	2
4763	1
8898	127
10174	1
5925	3
29115	3
25942	3
400569	8
149428	1
8339	3
6788	1
388272	21
80067	2
55207	5
51738	4
4638	1
7936	3
6856	2
9890	6
387332	3
84527	2
6132	3
5698	2
4137	1
9500	2
57626	1
10158	2
152789	1
54765	2
4929	3
286053	6
7866	4
11252	1
55854	2
57509	1
4687	1
29089	3
222658	1
56302	1
9984	3
343099	2
91978	2
65990	3
25927	1
1007	5
1512	4
51368	6
199	5
57606	3
7122	1
1447	2
10571	2
9724	2
84912	4
26984	2
22827	3
153769	1
8555	3
728340	3
26261	8
11143	3
84073	1
1124	1
27104	2
27165	1
1306	4
4323	4
9533	3
8879	1
50509	4
10289	3
59271	3
55090	8
9159	3
3778	1
10179	3
3959	1
197131	2
83858	1
10093	1
29959	2
9220	2
84164	2
401551	3
54963	61
57007	5
170850	15
414899	1
3150	1
55285	2
5634	8
7581	1
26009	3
54820	3
6804	2
201973	3
1014	1
89	1
2706	1
54978	2
57326	2
2625	3
2919	4
196513	3
9701	1
4907	4
941	1
9353	6
51386	3
168667	2
51807	1
399664	1
4359	4
158427	2
56923	2
55006	4
3872	2
9774	1
84515	3
3039	9
9649	1
6830	3
7546	1
317762	1
10629	3
4237	4
6529	2
8329	3
57136	28
55182	2
102724560	3
80314	3
84461	2
713	4
23659	2
6118	3
1295	2
89790	1
118424	2
143241	2
79177	43
1161	2
81566	1
23420	2
5930	3
27068	1
22974	3
84129	1
79230	2
84254	1
1272	1
51701	3
7258	3
113174	1
85236	3
2776	1
65061	1
56961	1
348801	1
79674	1
10113	2
22859	1
8887	1
83999	4
84287	1
8516	4
116	1
81620	3
8924	3
79745	2
64806	7
150160	1
54976	94
675	3
152007	1
10260	1
65980	2
56479	1
130162	1
56673	2
664	6
6374	4
27306	4
7157	3
83447	1
38	10
26061	10
23541	1
23276	2
8669	3
55920	3
10961	4
29765	1
84236	1
5268	4
55746	3
56246	4
25780	1
5368	1
2928	3
84079	2
6583	1
254827	4
283238	2
11222	5
25844	2
5443	4
2788	1
4513	2
79595	3
54665	1
2696	2
30850	2
22818	7
2874	3
222643	3
3998	4
81573	4
729475	3
54800	2
79102	2
51028	2
3559	1
79849	1
285464	1
6867	3
9529	1
146909	3
4004	2
84993	2
84296	3
23411	3
29994	3
128312	3
54345	3
122011	1
59269	1
57085	2
10142	1
5764	2
311	1
10886	4
10657	1
146439	1
55638	2
83464	1
8395	1
51103	5
23005	2
27164	3
3507	4
2230	2
79664	3
83440	2
84365	3
919	1
1730	1
11171	3
6875	3
3313	1
26994	1
4619	3
4101	3
5682	2
5033	1
5739	1
29890	3
10574	1
23355	2
2650	4
26092	2
2444	1
5701	2
23369	2
2063	3
79890	1
10642	3
6281	1
57647	33
55663	2
146223	34
26227	1
80185	3
10514	3
51466	1
10507	1
140460	2
51283	1
84283	6
7118	1
80746	7
7518	2
92689	2
140032	3
6877	3
5738	1
353091	4
3835	2
133015	2
10544	4
9757	3
55055	3
4794	2
214	4
5883	3
4820	3
5303	2
57018	3
55831	5
64780	1
29946	3
29103	18
23143	1
85450	1
27042	2
6827	3
3840	3
3049	9
3170	2
144811	2
4602	3
7558	2
9455	1
90427	1
8165	1
6195	1
6317	4
9779	6
26268	2
5605	1
5801	1
9841	2
1825	1
29074	5
51588	3
3304	1
9886	2
51652	2
64805	4
11066	3
57461	3
156	1
6550	1
54505	57
11226	4
54952	3
258010	2
51046	1
80007	2
8522	1
2195	1
7469	3
100526767	2
27143	4
51684	2
359948	29
51264	5
23177	2
55512	1
6839	3
204851	3
570	4
9229	1
2207	1
10494	1
3972	1
5921	1
9522	2
6853	1
131450	4
3611	1
23405	3
353145	2
6598	3
56255	1
1831	3
201254	3
8490	1
1666	3
54704	10
23054	3
26118	2
6814	3
5929	3
116173	2
51133	3
283237	2
5111	3
5329	1
10286	3
2734	1
5878	1
2152	4
6014	1
7450	4
83759	3
9778	2
7247	1
3693	1
22925	4
65080	5
4802	3
56253	5
7162	1
51400	1
144699	3
196472	2
167838	2
2918	1
2537	4
59067	1
3975	2
7284	3
6210	3
5641	1
896	3
57829	1
60490	2
2917	1
225	10
8858	4
4719	5
8536	1
84100	9
26146	1
55035	9
64699	3
79888	2
2691	4
23650	2
23413	1
8448	1
55968	2
6782	2
8514	1
6942	3
79970	1
6095	3
100124700	2
28973	5
375341	2
51574	3
162681	2
3597	1
8481	2
55014	2
6389	5
1746	3
8829	1
4107	2
252995	84
5339	1
6263	1
10634	1
3188	3
58497	8
3078	4
117579	4
23598	19
1944	1
28511	1
200523	2
255061	4
2273	2
9349	3
2793	1
54762	1
6337	1
387	1
8992	9
81611	2
64087	2
414062	4
1644	3
6558	4
3696	2
4205	29
27173	1
124401	2
84364	7
54949	2
22806	2
127833	7
7145	1
440068	1
64109	1
689	2
3739	1
7707	2
4320	2
6999	2
2483	54
10486	1
2737	1
221302	1
10950	3
81	1
2319	1
79922	2
80328	4
64857	1
4904	3
89927	7
286205	1
3181	3
55681	4
55761	1
11262	1
2892	1
79613	7
483	2
4909	1
8818	25
23335	2
950	4
57537	1
23113	2
51001	2
51569	6
5973	4
3479	4
7053	1
2005	2
55621	3
5519	1
9066	2
51421	2
1003	1
5621	1
4536	1
8911	2
64864	3
7106	1
8356	3
55024	1
79832	46
83605	1
1727	9
3476	1
1146	2
91875	1
4139	1
728	1
27247	2
80021	6
6334	1
6277	1
4653	4
23397	3
51002	2
54554	3
23016	3
55740	1
10078	2
50617	2
5479	1
64866	4
84516	1
81932	2
9844	1
22907	3
3669	4
63920	2
6605	3
1409	7
3652	2
164656	4
1105	3
84914	2
55749	1
5027	4
3848	2
5962	1
6790	3
5066	4
51070	1
9972	3
23300	3
4886	4
9238	2
6399	2
10881	1
8601	2
84186	3
245711	3
100506164	4
5529	1
255967	3
154313	2
64175	1
4914	1
7201	1
6674	1
26762	7
79893	2
378951	3
2318	1
8091	3
55186	2
5819	5
50604	38
10438	3
30819	41
5584	1
55229	1
4702	5
4850	3
84790	1
8772	1
90390	8
1299	4
64648	74
2120	3
51691	3
55929	3
7166	1
84911	3
1801	1
51523	2
760	1
57506	1
4543	1
126003	2
617	5
23314	3
1609	1
10420	1
6426	3
2848	4
10621	3
100288797	2
1861	2
84315	2
3736	1
79023	3
813	4
26135	3
23192	6
114793	3
8809	1
6813	3
7994	3
10929	3
166793	3
1534	4
23551	1
66008	85
27107	1
4066	2
7423	1
908	1
3838	3
55319	2
55665	2
4017	3
6191	3
54806	2
2566	1
3945	7
6275	1
1585	2
3643	1
441518	2
64949	5
1876	3
5447	9
389015	1
51078	1
8683	3
51286	4
60488	5
25983	3
26052	1
221092	3
6869	4
196549	2
90381	3
1339	2
9260	1
23479	5
1434	3
5475	1
221656	3
9128	3
9730	3
51669	2
64837	1
5017	3
23216	6
10592	3
9546	1
50808	6
10360	3
63916	1
2752	2
5287	1
5100	2
4898	4
7443	3
10383	1
10188	1
399979	7
90411	4
9442	8
2010	2
433	2
8161	2
80023	8
23060	2
130872	1
961	1
10156	28
2821	4
9666	2
117157	1
3061	4
55669	1
8447	1
8558	100
26827	3
4342	2
59286	11
55081	2
55656	3
26005	2
9514	2
10169	2
55815	2
26258	2
7115	1
4835	2
59339	1
93621	3
3240	4
9635	1
9146	1
81671	1
64400	2
667	1
2215	7
10472	3
10733	2
5252	3
32	7
6623	1
66037	2
23185	1
731	4
79968	3
3709	1
8334	3
63827	4
91647	2
585	9
85365	1
91893	1
200504	30
4538	5
995	1
6876	1
4036	1
1017	3
5316	2
5745	1
5008	4
285855	3
9925	4
5742	1
5261	36
57223	65
55329	2
10201	64
7755	2
722	4
79050	2
23641	2
4099	1
54726	4
23624	1
477	1
3628	3
79415	2
6125	3
23136	1
1101	4
3491	3
9020	1
55198	1
54541	1
27252	2
1628	3
3030	1
57447	1
170506	1
1071	2
5156	1
6004	1
2066	1
10269	1
10464	2
64006	2
1487	3
6406	4
23053	2
6382	4
54039	3
81622	6
4747	1
3588	4
3915	4
23175	2
29124	1
3455	1
65975	1
9737	1
6428	3
123811	2
10919	3
4343	3
55714	2
922	1
54205	2
1179	2
54925	2
3858	2
2257	2
4319	4
23101	7
55135	3
196483	2
5993	3
8321	4
5105	2
5155	1
65108	1
1445	1
2825	4
2678	1
79918	3
7068	3
199745	2
23767	1
5651	4
26263	2
6002	1
10492	3
64599	2
2660	2
51666	2
80764	2
9188	3
1404	4
7593	2
64854	11
27004	1
10743	3
54545	109
80011	2
55342	3
5464	2
196883	1
55500	2
8665	3
9805	7
3350	1
129563	2
57805	3
6470	7
80128	4
6641	1
26173	3
5557	3
23293	3
167227	3
7468	3
80304	7
92999	3
5319	4
90864	2
1917	2
11128	3
101060521	3
22920	1
5025	2
1046	2
605	3
57449	2
23787	1
123169	3
7095	2
65123	3
91419	3
79685	3
65987	2
8452	2
55622	1
22884	2
28985	129
5201	2
115557	1
10879	2
23523	1
669	1
54033	2
4299	3
53407	2
56937	1
353	2
85359	2
5149	1
51200	2
10006	1
6136	3
6783	2
122042	4
10147	2
131118	18
54331	1
79778	1
84541	3
27072	2
145282	2
933	1
26156	3
9567	1
7052	1
81545	2
566	1
83444	2
51256	2
56829	2
10199	2
2891	1
84722	2
23708	3
3695	1
2944	2
2867	1
83942	1
5010	2
1364	1
140691	2
1443	2
79709	2
146956	3
2186	3
6035	2
64397	2
1361	4
54512	3
65267	2
6497	3
89858	1
114792	2
10626	2
10825	1
220388	2
57505	7
9412	8
84612	1
84105	1
51205	2
23474	2
10110	1
144455	5
56970	3
5928	3
56203	80
54332	1
23034	1
10670	9
5218	1
2107	3
57159	2
2205	1
138065	2
83481	1
23548	2
9235	4
100996750	2
25818	2
6613	3
9472	1
5504	1
25852	1
4714	5
57337	3
65059	1
9441	3
5192	10
5630	2
148156	3
84078	6
4780	2
27113	1
7516	3
84433	1
79137	2
1366	1
23392	2
9040	1
10153	3
5646	4
57130	4
3439	4
22890	3
59349	2
10284	3
84131	1
201176	1
81550	3
79892	3
5691	2
538	13
1949	1
3553	1
1543	9
7441	4
4287	2
5340	4
221692	1
7054	1
5350	12
9987	3
27257	3
4211	2
1793	1
340719	1
16	2
5949	1
4088	2
50618	1
54431	2
6039	1
10610	2
51529	3
57088	2
57396	2
2998	12
4217	1
51010	3
673	1
26354	3
170482	3
84619	2
22878	2
26	1
23495	1
3832	3
1387	3
51244	3
192683	2
9320	2
164312	2
8332	3
493829	2
7042	2
3364	3
10419	3
654364	8
28986	1
4775	1
199834	2
11069	1
2520	4
3445	1
94239	4
716	4
80117	50
10509	1
22937	9
144165	1
23195	3
158471	2
51185	2
55813	2
4899	3
64782	2
139628	3
83734	6
8631	1
11155	1
83594	6
2992	12
659	2
2813	76
29896	3
3624	2
631	26
6366	4
1128	1
81494	4
30818	1
11343	7
4678	3
11130	3
11122	7
25953	7
4635	1
4540	5
120534	50
201516	2
4920	4
60489	1
55138	2
199720	2
51135	1
8814	1
55144	3
6943	2
282991	2
5828	10
57663	3
57093	3
57662	6
9975	3
7260	2
7015	1
9563	2
5360	4
114898	2
3902	2
7727	2
8341	3
10195	2
10128	5
5592	1
50488	1
331	1
56254	3
137202	2
6093	1
344558	1
51035	1
84700	2
29071	22
79665	7
160851	1
4256	2
5817	5
84444	3
8370	3
4216	1
9477	8
7249	1
11108	3
2027	7
170261	2
3209	2
23478	3
10878	4
10526	3
653784	1
23373	1
3937	1
283	1
283576	5
488	1
50485	3
133619	9
56957	1
3625	2
56647	3
6249	1
11141	1
79957	4
81030	4
8537	1
23189	1
126669	1
101929876	6
55577	2
2219	4
284451	1
445341	1
25836	3
1783	1
4923	4
25792	4
22808	1
84695	28
6294	3
1995	2
7756	3
83640	2
387521	2
90060	2
594	10
163183	6
51760	2
7079	4
10138	3
51705	2
3375	4
79657	1
64115	2
65983	2
114571	1
51566	2
8820	6
1981	3
84295	3
6557	1
4869	3
51639	3
23586	1
2733	3
11078	1
84908	6
4817	2
80345	2
430	1
57175	1
7109	2
1605	1
3005	3
57410	2
63917	83
22863	1
374649	2
27352	1
51284	1
10059	1
85443	3
79631	3
887	4
440574	2
84975	4
54386	3
7159	1
51213	3
9815	1
1297	4
64689	7
27292	1
1175	1
5015	2
10296	4
6047	3
3567	1
118738	2
400961	3
6872	3
8208	3
6633	3
57187	3
8459	4
4191	7
8078	1
8287	1
29950	3
58509	2
55636	3
64682	3
3661	1
53405	1
222484	4
140739	2
9219	3
64946	3
28512	1
3816	4
3691	1
2317	1
6256	3
57418	3
7473	4
7988	2
3040	9
9211	1
5645	4
25987	2
8036	1
3043	9
119587	2
2222	2
64783	3
2289	1
847	1
11216	1
9578	2
6016	2
5865	1
10471	2
64225	9
137075	73
2357	1
54995	5
55553	3
11319	3
64919	3
155061	1
9070	3
55787	2
72	1
9258	1
27005	1
84936	2
57703	54
6446	1
130340	1
5708	2
10716	1
2841	4
253827	2
26999	1
348654	1
1482	3
8450	2
9615	1
4626	1
51072	2
5465	3
3761	1
53358	1
23107	5
1290	4
4524	3
1911	3
134359	2
55616	1
27178	1
10807	1
27258	3
3636	1
378708	3
124995	5
203562	2
5582	1
5140	1
23673	2
3467	1
9296	9
4297	3
80230	1
113115	2
3987	1
90025	3
5995	51
6449	2
56922	2
6539	1
23592	2
23086	2
2022	2
23221	2
8574	4
30827	3
2648	3
9949	2
85366	1
255043	6
389856	1
85293	2
7013	8
131890	1
7141	3
51186	3
3630	4
7257	2
2664	1
10013	1
5520	1
22985	3
64407	1
6620	1
84063	2
3798	1
6369	4
3251	2
140683	2
6045	3
50484	3
2068	3
5004	4
92815	2
9988	3
6247	2
4084	3
116983	82
5526	1
5959	51
23683	3
684	4
6846	4
8939	3
2965	3
493861	6
26471	3
91662	1
115948	2
58513	1
4242	4
100996939	25
6499	3
640	1
84893	3
93408	1
10051	3
23604	1
51751	3
10644	3
1676	1
8120	1
1759	1
138429	1
151449	2
26259	2
3071	1
9289	1
57654	2
56649	6
55798	1
8774	2
84687	1
2770	1
337879	2
284312	1
10802	9
7412	1
6904	8
2820	1
1635	2
56155	2
913	4
153129	9
3619	3
284001	2
65082	2
10474	3
11047	2
55756	3
8260	2
3805	1
6326	5
57587	3
7148	1
3383	1
4288	3
137529	3
56342	3
10	3
10556	20
54756	1
26960	1
55308	3
1053	3
9743	1
10586	2
26098	1
23256	2
3795	2
9466	1
246744	1
84833	2
5423	3
51460	3
8935	1
9516	1
200316	1
6444	4
4709	5
8938	1
135927	2
6283	1
449520	2
5173	4
2642	4
63891	2
9101	1
8786	1
23098	1
57639	2
6156	3
8740	1
117177	2
8788	4
92181	1
26575	2
81704	1
7554	2
54985	2
890	3
6135	3
238	1
286151	3
1470	2
6142	3
7266	1
23336	1
92610	2
9201	3
10939	3
7832	2
126272	2
9697	3
116113	3
203068	1
11339	3
144363	5
9330	3
3183	3
93185	1
345	4
57556	1
9842	2
3003	1
4157	1
9785	3
79671	1
23157	17
84676	1
6285	1
1420	7
200030	1
115098	3
23589	2
5581	1
4585	83
768211	1
10125	1
6667	3
8664	3
6728	3
23345	11
133396	1
5055	4
3960	1
7295	1
161582	1
22809	9
4494	1
8638	4
117854	2
23593	5
3948	7
11068	2
255488	1
11116	2
223	3
6988	2
23218	2
240	26
2847	4
81693	1
51454	1
23587	44
7267	1
2109	5
223082	1
1236	4
655	2
4111	21
347240	2
152559	2
397	1
10562	4
90410	2
5433	3
6271	1
205147	2
1059	3
7164	13
55230	2
43	4
5886	2
10900	2
5894	1
9338	53
8428	1
4879	21
1819	2
6843	2
5333	1
81557	3
125950	1
1269	1
10856	3
83937	1
8417	2
6493	1
759	3
29928	2
167153	2
84775	2
6638	3
1129	1
57062	5
491	1
254173	2
7077	4
11020	14
6194	3
7453	7
100820829	1
3626	2
3482	1
1622	4
81930	3
5142	1
1452	1
900	1
23620	4
3991	2
5573	1
862	3
5793	1
134111	2
4935	5
57631	1
5568	1
9639	1
9950	1
7083	2
23450	3
23380	6
7701	2
5442	2
2551	3
339345	21
1062	3
29907	2
5920	1
26298	3
317649	1
9306	1
10957	3
8479	3
90701	3
4356	5
7706	2
5912	1
121340	1
6911	2
22885	2
5093	3
375298	2
4210	1
5458	3
79074	32
10203	4
2026	7
4691	3
29965	1
9341	2
3880	2
6494	2
9021	1
140901	1
51196	1
5286	1
79637	2
322	1
5805	84
51604	8
875	2
55175	2
22821	1
1734	2
1728	1
23233	1
8493	3
2975	3
54623	3
773	1
80127	7
7288	2
29925	90
146540	2
56897	3
7356	4
10397	3
51399	2
158067	101
5911	1
90990	2
3426	4
7320	3
4117	3
166614	3
9443	8
627	1
3431	5
3551	1
8848	2
55643	2
6278	1
11235	1
60496	2
6318	4
116442	2
6257	3
29899	1
8666	3
1762	2
92552	1
9821	6
55234	3
7096	1
2569	1
10991	2
382	1
79364	3
147040	2
11007	2
4774	2
3241	2
54507	2
3684	1
440	2
6094	42
23312	2
9173	2
9636	1
9900	4
55111	1
279	76
1672	2
6844	2
23253	3
9087	2
2321	1
22906	85
23032	2
55172	1
10290	3
54106	1
6764	2
146279	1
9550	9
7813	3
8651	1
91319	2
23378	3
27327	3
91137	2
6924	3
3218	2
113026	2
6252	2
123283	4
9632	9
65057	8
790	1
84342	27
84279	4
115509	3
83641	3
645455	2
8092	3
3682	1
257169	6
501	1
3775	3
54810	2
4728	5
10461	1
891	3
6649	2
93233	2
29947	3
8451	2
4172	3
80233	3
6833	7
201163	2
2018	3
83540	3
81539	2
287	1
80309	1
8737	1
11043	2
2967	3
11052	3
7102	3
8294	3
10730	1
8487	3
29882	3
11342	1
9246	1
6251	1
26515	2
10922	2
25930	1
6928	3
1496	1
26130	1
151246	3
6635	3
57542	2
4829	8
5892	3
85397	2
54832	1
26002	2
144983	3
10268	1
140890	3
14	2
9221	3
64005	1
5707	2
132	88
904	3
63935	24
9781	1
6651	1
2833	4
55124	86
55320	3
80010	3
6468	1
5547	4
7274	2
3126	4
10092	1
4316	1
7343	3
51218	70
5933	3
5825	10
4688	1
57050	2
7128	1
1112	3
127933	4
79173	2
283455	1
53822	6
2674	1
3171	2
6017	51
25923	2
7188	1
8991	2
1814	1
5470	1
2626	3
56605	4
23022	1
825	1
8030	1
11112	3
55884	3
93550	1
9091	25
27243	2
8906	1
57120	1
10217	3
4245	2
84905	3
22915	4
23174	13
65095	3
6997	2
2058	2
7048	1
64852	3
58506	2
83695	3
1725	2
80204	2
112939	3
55432	2
9535	6
3678	1
5481	1
23307	2
79109	1
27086	3
8193	3
4957	1
55153	3
4360	3
2631	6
2961	3
9644	1
9581	2
64859	3
2983	1
1135	2
468	3
118429	4
79921	2
83547	2
7272	1
55701	1
2074	3
738	2
7681	2
5562	1
9253	1
10734	3
7697	2
10989	2
124590	16
3694	2
582	9
1794	1
339231	1
328	3
3068	3
3161	1
9931	87
57128	5
23594	3
25820	2
2886	1
54997	1
2899	8
79797	2
27429	1
1471	4
92667	5
2979	119
79101	3
92129	1
64798	1
6473	3
6418	3
80143	1
2232	2
29079	2
89891	1
134353	3
5927	3
2038	1
3977	1
29997	3
55825	10
55692	3
7322	2
57695	3
10130	1
3642	5
8504	10
84458	3
326625	55
57407	2
6642	1
26260	2
148103	2
79869	3
358	2
9118	1
1808	1
11103	3
8543	2
93664	1
1506	4
54987	3
80817	2
4633	1
57456	2
1302	11
5768	2
55156	21
58160	3
54935	3
177	1
112597	3
2208	4
23099	2
9013	3
92597	1
55559	2
5781	1
3640	4
1186	2
1740	1
9131	1
996	3
201161	1
8565	4
10522	1
91584	1
254251	2
6757	3
57822	6
6882	3
55713	2
3909	1
51560	1
815	1
85439	1
79088	2
8905	1
56006	3
7317	2
55327	1
4089	2
100128327	2
4741	1
93474	2
10278	1
6595	3
23431	43
124540	3
4340	1
55215	11
133418	3
54932	2
5830	10
8660	1
7150	3
9063	3
715	4
222584	1
54471	1
7421	3
1460	3
65268	2
326	3
3615	47
29035	2
10768	2
5802	1
220988	3
9414	1
27067	3
9147	1
7058	4
9568	9
93343	1
1373	1
8073	2
4883	21
79183	1
11138	1
8227	3
84779	2
2620	1
9590	1
5657	4
6124	3
344148	1
11169	3
7737	3
4738	2
10362	3
4724	5
7709	3
9551	5
5884	3
1327	2
50	1
1738	10
8031	3
10787	1
23020	3
104	3
10335	1
5753	1
27236	1
3675	1
114818	1
3792	2
9400	3
3621	3
10025	8
8883	2
90268	1
257364	1
7326	2
56474	2
64223	1
10244	2
1308	1
1649	3
4300	3
5367	4
509	5
200014	2
55191	2
64093	1
5255	36
56945	5
27240	1
80222	1
55022	16
9362	4
646	1
224	2
29978	3
60401	1
55818	53
7328	2
329	1
10085	1
51513	3
1824	1
64410	2
83786	2
55664	1
152926	10
471	88
8912	1
23660	3
8672	3
51720	3
11267	2
3593	10
257218	2
64083	4
23241	1
53919	1
9100	1
57798	3
4711	5
54836	1
51596	1
11345	6
254863	2
89882	13
51013	3
9470	2
6565	1
64210	3
9804	2
11315	1
440193	1
26064	1
55646	3
29107	3
23130	2
23414	3
6354	4
26517	1
727837	2
6504	1
10980	2
54466	3
5896	3
23623	2
5468	3
4293	1
5687	2
255877	3
3384	1
7511	2
55655	1
29091	2
9921	2
9663	2
83660	1
4544	1
6097	3
51765	1
64582	13
558	1
4756	1
10538	2
159	2
51545	2
6901	1
3433	4
64777	2
90624	5
9604	2
146691	1
3767	7
10363	2
5577	1
718	4
55806	3
7472	4
151056	1
339448	8
7456	1
84191	8
57649	3
1859	1
133957	1
285381	6
959	1
79677	6
9295	3
9227	4
9929	2
29844	2
22836	2
252884	2
2204	1
10044	1
22795	4
6891	2
2516	3
2108	5
4722	5
84305	3
23704	1
8988	2
219854	4
23762	2
3660	3
10874	2
10815	1
51085	6
85377	1
444	49
6346	4
171568	3
1337	2
9840	1
143630	2
3898	1
9242	2
11218	3
30062	19
10016	1
26148	3
6836	6
29066	4
3561	1
9913	3
348	1
8557	1
25862	8
100302652	1
79823	1
4649	1
7098	1
984	1
5217	1
23097	8
119391	1
54821	3
4548	55
58155	3
8910	2
267012	2
55147	3
6224	3
50855	1
57001	5
389692	24
26608	1
79077	2
4063	1
10206	1
55118	3
7402	1
5325	3
4733	2
8886	2
29904	1
79870	2
1781	1
54906	2
3250	4
117166	2
6505	2
607	1
6854	1
81576	2
5794	1
116840	6
55745	2
1840	1
84223	2
55509	3
22903	1
55544	3
80311	2
171484	1
9507	4
54882	2
79872	1
3119	4
10475	1
1524	89
1016	5
641	3
2644	1
3064	1
7138	1
8878	1
6491	2
554	4
2140	2
54620	2
64375	3
2054	2
7076	2
57661	3
3663	2
10979	1
55578	3
26750	2
8204	3
163882	1
84557	6
25928	2
164127	2
537	9
10054	3
148	1
23037	7
11196	8
10249	2
54496	2
79813	3
4620	1
92797	3
5690	2
4761	1
386678	2
51499	1
6811	2
57787	1
8578	111
269	2
5836	36
8794	2
80206	1
593	10
9969	8
55851	1
4597	1
7351	1
108	1
3957	1
5429	3
9464	2
3983	2
1677	39
23176	1
9686	29
6368	4
23089	2
79845	1
4603	3
4005	2
91404	1
7185	1
9530	1
3698	5
55781	5
151195	1
4171	3
9447	1
57092	3
55353	1
146862	1
79759	3
53616	1
8662	3
7957	12
7741	2
9328	3
84292	1
462	4
6362	2
56899	1
51202	3
118427	4
8724	6
7280	1
4940	4
7153	3
2324	1
23252	1
7442	1
55423	1
54520	5
9319	2
29767	7
5104	4
55288	1
3581	1
2639	1
5732	4
10069	8
10307	1
79589	1
4188	2
51497	2
2028	4
8826	1
64393	3
5956	3
135458	3
56946	3
1478	3
4507	6
79842	2
59338	4
26959	3
10804	1
128308	5
9517	6
23225	3
2744	1
10746	1
5077	3
4050	1
185	1
51719	1
5730	4
4916	1
5424	3
202051	2
23243	1
2916	1
84665	1
475	13
1394	1
1293	4
3633	1
57333	2
28954	1
10926	3
126326	2
7205	1
1400	2
2994	2
23154	6
25898	2
246329	3
84629	3
27304	3
221613	3
57690	3
85407	1
28970	2
4618	2
6905	8
23095	1
5445	1
9712	1
117247	1
221264	1
57486	4
2882	2
152503	1
54468	3
8682	1
84062	2
2903	1
4076	1
150771	2
55160	5
301	1
1406	2
1604	4
9172	1
8744	1
23309	3
10620	3
201595	3
5317	1
399694	1
9149	1
84146	3
1456	1
27339	3
23163	1
83706	3
11179	2
9107	2
51157	2
9369	1
2760	4
8943	2
5081	3
6139	3
10608	6
220042	1
213	4
7434	1
10935	2
79025	2
147841	3
64098	2
6387	4
2132	63
2638	1
9527	2
79005	2
2960	3
2559	2
1143	2
10368	1
199990	3
9989	1
23139	1
25805	1
788	28
2550	9
83707	1
10869	1
1009	1
56144	2
54442	2
84134	2
10291	3
9607	78
6000	1
6519	4
219	3
23678	1
59341	1
81605	71
6696	1
124944	3
85363	2
6850	1
23543	2
5909	1
6207	3
4725	5
211	2
2159	4
79640	2
6011	1
4736	3
10930	3
29777	2
6407	4
149465	1
3123	1
23376	6
22895	1
79165	2
548596	2
4793	3
55893	2
8914	2
6147	3
54785	2
30849	1
153733	2
5451	3
57721	3
85294	2
6888	4
8559	52
10476	5
22870	1
581	1
5376	4
55506	3
1139	1
7182	1
8545	2
24138	4
9849	4
527	4
386684	2
5714	2
83475	2
57016	7
84937	2
3329	1
23552	3
64786	6
2556	2
6810	2
11257	2
10809	6
79004	1
2153	4
7416	1
5826	2
3918	4
5571	2
4295	4
85481	1
8711	1
3020	3
63948	2
6744	1
302	1
117178	2
5624	4
11176	3
51230	3
3326	1
9667	7
1463	1
113263	2
5670	2
56952	2
84056	2
8715	2
374383	4
369	1
10671	1
6789	1
29926	90
203	2
57547	2
7378	1
10226	2
27202	4
118611	3
55003	1
10282	2
5864	1
100506627	1
666	1
55699	4
1374	2
23049	3
10480	3
26469	1
978	2
51059	1
89890	6
2829	4
151987	65
1080	1
5290	1
1174	1
3490	4
2617	2
3762	1
57685	7
3756	15
3306	1
3014	3
2894	6
54542	2
92285	1
55100	3
5694	2
970	1
64127	1
132954	1
23609	2
9681	9
8409	2
2803	7
5352	2
805	1
9958	2
1459	1
7049	2
118471	2
5626	6
151393	2
8727	7
56547	4
6531	1
5917	2
9543	4
51538	3
10687	2
254887	1
26091	2
57178	7
25909	3
3021	3
6500	2
84923	2
5239	1
1879	2
283638	2
9002	4
26122	3
220134	3
392862	1
373856	1
2597	1
5257	94
284695	3
5715	2
124912	4
8661	3
2245	1
8534	1
9363	2
1154	1
1111	3
7918	2
203259	1
9495	1
51535	1
6658	19
55844	1
57763	3
951	1
6886	3
440503	2
7385	2
4077	1
27347	1
277	3
26133	1
64412	3
58508	3
27440	1
127255	1
286077	1
2746	7
136227	7
1643	2
4130	1
5734	1
10140	2
55651	3
154	1
79949	1
685	1
57188	2
8100	14
8803	2
8460	4
83459	2
149420	8
4283	4
23324	2
64745	2
26610	44
81617	1
53339	2
55691	3
10455	10
440093	3
84864	3
11124	2
51752	1
3717	1
79871	3
9794	4
79643	2
881	1
51520	2
79719	1
2119	2
100529239	1
5546	3
2255	4
84441	4
285135	11
57129	5
9816	1
8350	3
286006	4
23647	1
51663	3
25960	1
23266	1
2832	45
57048	2
26276	2
83746	3
665	6
8569	1
10902	3
115650	1
23187	1
23741	3
100132285	4
9611	3
4942	2
145270	4
3820	91
1198	2
9908	3
27436	2
23042	77
57819	3
4306	1
11180	1
10020	2
54069	3
91543	2
25913	8
9223	1
9545	1
23409	10
4241	2
350	4
34	1
55705	3
5610	1
56950	1
147700	1
130399	2
107	1
23509	4
2791	1
103910	1
57521	1
9885	2
2893	1
10681	1
10434	1
283899	2
7036	4
55278	108
6138	3
6184	3
6091	6
23542	1
56851	5
139716	1
10121	1
85476	1
6019	4
84851	1
56955	3
309	4
56242	2
10518	3
255426	1
2782	1
84265	3
11214	1
10412	3
339287	3
64802	3
80149	1
51605	2
26071	2
1029	3
84955	7
129446	1
54462	2
4168	1
135112	3
7534	1
3235	2
3002	1
8766	1
27284	35
4357	5
57724	4
26254	2
151507	3
3421	7
55666	2
51634	3
84337	5
6617	3
8546	1
9739	3
11097	3
112755	2
10667	2
10940	20
6456	1
5890	3
2879	1
10868	2
26119	1
28882	2
55212	9
63904	2
10469	18
55233	1
9491	3
55	1
494470	2
142	3
832	1
2194	2
10675	1
58486	2
1674	1
5364	1
4159	4
127540	2
11055	4
29117	3
8936	1
7903	1
5709	2
3486	4
5174	1
10111	3
57620	37
3604	1
3831	1
7704	2
6953	1
66005	92
159195	2
4956	1
54763	2
1441	1
3752	41
23705	5
23014	2
8802	2
81788	2
63876	19
9074	1
26017	54
9801	5
23597	1
84628	16
11248	7
65263	2
6476	1
55107	1
2189	3
83439	1
8045	1
152028	38
2055	2
51334	1
9967	3
3112	1
466	1
429	2
1617	2
53353	1
7775	2
22948	1
256281	2
84735	93
10988	1
55599	3
5395	3
10437	1
84968	2
957	1
3569	1
842	1
11188	1
4485	1
1755	4
9853	2
10466	27
55707	1
2296	6
10865	2
9669	3
6776	1
26085	4
84277	3
165055	2
22994	2
55755	1
135250	4
4831	1
10436	2
28966	1
340359	2
94005	8
118788	1
10095	1
84081	1
79735	2
57125	4
4836	1
60682	1
57336	6
576	1
283643	1
1365	1
4061	1
9462	1
3737	1
5080	19
219988	3
2986	119
58476	6
3097	2
4706	5
5913	1
55388	3
2878	2
10228	2
1616	3
22854	16
2778	1
5627	4
9528	1
6656	1
7552	2
51005	2
133522	3
51042	1
54850	2
10985	3
7399	16
8797	1
80332	2
54883	2
3113	1
221016	8
6375	4
83860	3
4296	1
23510	2
912	1
642636	3
5083	3
55661	3
657	2
5673	3
7251	1
1844	1
8318	3
25999	1
8174	1
934	1
57540	1
51121	3
55795	2
90865	2
81609	1
79008	3
10382	1
10245	18
7422	1
28998	5
4090	2
85013	1
79948	2
573	1
22902	2
64773	2
10489	2
145508	2
55264	2
11144	3
8074	1
474344	6
11258	1
1457	3
10499	3
6751	10
4967	2
10344	4
203523	2
124404	17
51074	2
2118	2
5264	10
7384	2
58985	4
7753	2
998	1
2563	2
8270	2
64219	2
4621	1
7078	4
143425	1
5947	3
6879	3
163688	1
59348	7
55290	3
2239	2
56891	2
7226	1
7137	1
706	4
2002	1
9113	1
2826	4
64081	2
84978	1
11160	1
8439	1
7448	1
8313	1
652	2
6236	1
2634	2
4851	1
5599	1
4946	2
9759	3
10376	1
7620	2
688	3
910	4
9049	1
3843	3
64778	1
80199	47
1440	4
84929	4
22828	3
10575	1
50848	1
4713	5
51248	13
55146	2
3216	2
79720	1
91624	1
143	72
8764	1
10478	10
4015	4
3801	2
721	4
8405	24
2139	2
5052	1
4760	2
7075	1
29	1
8540	7
4803	1
57498	1
4292	3
5948	4
64285	1
5539	4
152138	1
23770	1
23468	3
55161	1
51094	1
9628	1
3099	4
7514	3
3852	2
10330	6
1315	7
27350	3
5345	4
29993	1
84622	2
55670	10
5654	2
6590	4
122706	2
6013	4
1408	2
25911	3
5393	3
55734	2
257144	6
6192	3
337974	2
9833	3
10614	3
178	12
3360	1
11215	1
4830	8
23635	2
4291	2
1874	3
6391	5
3760	1
28952	5
2099	3
164045	3
3746	15
11185	2
79937	1
54941	2
389874	2
348180	71
333926	3
342574	1
283208	1
2635	1
3508	3
23059	2
2557	1
115352	1
23142	2
5434	3
6508	1
29927	1
23761	57
8575	3
9403	60
3609	3
999	1
2014	4
29099	5
8807	1
5879	1
11001	10
5955	6
10267	4
387032	2
23512	3
50649	1
79001	1
7784	4
1830	1
5501	1
283149	1
347	2
2354	2
51364	2
100423062	3
23094	2
3008	3
10505	1
345611	1
23024	11
3707	1
1437	1
79843	2
2492	1
92421	2
51268	7
29998	3
547	3
6992	1
596	1
1412	7
5260	1
10131	1
11177	3
284391	2
801	1
56122	3
65005	5
81608	3
1718	3
79802	26
9683	1
26003	2
6855	1
139212	3
3954	5
3489	4
1958	3
5310	1
23462	2
9877	3
1277	4
11147	2
55300	1
54927	2
952	1
2810	1
4943	6
27175	1
94120	7
93129	37
114824	2
3790	15
4154	3
10273	1
6636	3
1807	1
51343	3
80270	2
5914	3
1301	1
342371	2
2150	4
55966	1
50859	4
5552	2
6398	4
23564	2
54567	4
6230	3
9755	1
93594	2
11051	3
3664	1
94105	1
79066	3
23534	1
7913	3
10311	5
83394	1
7289	1
1081	1
2915	1
29924	1
3300	2
79446	2
114990	2
4852	4
414061	2
29088	5
1468	2
8675	2
60385	2
79184	3
56848	1
8754	1
51493	32
8736	1
57646	3
154075	3
64130	1
29934	2
1266	5
1510	2
80232	1
23339	2
9247	2
3552	1
6917	3
9603	2
84304	2
79090	2
3236	3
6812	1
23350	3
71	1
6837	8
9704	3
1396	1
147011	3
1435	1
375	1
23279	3
79684	1
783	1
249	1
637	1
26058	3
10460	3
10914	3
8178	3
1233	4
830	1
27166	1
25763	2
30012	2
6873	3
729230	4
905	3
4552	55
81607	5
10452	2
7388	2
55218	3
9282	8
4048	6
56672	2
8701	1
26063	10
84059	16
8687	2
3106	4
5024	75
124402	8
6160	3
4982	1
7529	1
340419	31
54663	1
56915	3
634	1
3305	1
139105	2
1192	2
5256	36
9410	3
286826	3
375748	2
57595	2
22861	1
4881	21
7536	3
3635	1
27000	1
171482	3
1145	2
9766	2
8819	3
10178	1
54951	5
3434	4
5619	3
147687	2
57147	6
2206	1
64601	2
10410	4
6295	1
84894	2
8284	3
57493	1
220004	1
6289	4
57169	7
84133	31
55632	56
22841	1
79143	6
408050	2
146198	3
5934	3
55684	2
23149	1
441150	6
1839	1
23179	1
51279	4
10055	3
8904	1
57684	4
8639	1
51280	8
30811	1
64756	4
284114	1
85376	2
57534	2
432	1
23463	1
6385	1
64847	5
55199	2
51021	3
9015	3
9572	3
3903	1
9641	1
1848	2
3892	2
10451	1
10406	2
810	1
5664	1
56901	5
55970	1
402	2
27297	3
10116	2
6183	3
2323	1
949	10
54206	1
3269	3
1991	4
84065	7
55145	3
5957	1
11260	3
341	4
80790	1
26986	3
8985	2
80333	1
5757	3
56931	4
22881	1
116443	1
4504	4
51019	2
9493	1
23248	3
5618	1
22933	3
54888	3
85865	2
389741	2
5311	1
6640	1
2069	1
9959	11
79036	2
2906	1
10799	20
81029	4
189	10
64426	3
2275	2
275	1
389421	95
150275	1
2043	1
54101	1
63976	1
1296	2
6835	2
15	2
23204	2
154881	2
64746	1
6338	1
51193	2
114904	2
2312	4
83932	3
51654	1
79833	3
9871	9
19	1
51141	2
4671	1
80331	1
51127	2
8082	4
563	1
145226	2
2786	1
22930	2
3266	1
55743	3
1307	4
26524	1
55295	2
85458	1
10818	1
401145	2
134728	1
4234	13
8785	4
3376	2
254187	2
84310	2
84299	2
3549	4
84168	4
9559	6
84324	3
23287	1
64344	24
6594	3
57154	1
7016	1
4926	3
27071	1
3347	22
143379	2
257397	1
23186	3
8613	1
9772	1
154796	1
1260	1
51341	3
54828	3
6645	1
51073	5
6515	2
1789	3
22823	3
23644	3
10682	96
163702	4
65117	2
8499	1
5521	1
8621	3
57474	2
339390	2
3159	3
3458	1
6683	2
6359	4
23520	3
201255	2
4439	3
1144	2
63931	3
10124	2
51271	1
8745	1
8531	1
79884	3
8237	3
1654	3
115584	3
1237	4
51434	3
6319	9
6506	1
51155	117
799	1
55863	5
122961	1
493	1
64781	2
389833	3
10946	3
5876	1
1951	7
1052	3
2773	1
1826	1
408	1
6586	6
103	3
3298	3
4598	48
4023	2
10302	2
80262	2
9152	2
91369	2
167465	3
3579	1
1031	2
133	4
3620	5
29911	2
2047	1
1001	1
3273	4
51253	5
78990	2
55159	3
1588	3
22913	3
5467	3
3875	1
10123	2
3428	3
5337	1
1232	4
2742	6
339403	4
6769	1
355	1
8861	2
10572	1
6232	3
4609	3
54585	9
84976	4
9874	3
6182	5
23294	1
81556	3
259	4
51265	2
92140	3
9077	1
3312	1
54801	2
53944	1
518	5
79369	8
6722	3
92714	1
899	2
7531	1
4856	4
203228	2
9076	1
83983	1
29967	1
3929	4
25816	2
846	1
23119	10
55038	3
776	1
96764	3
121268	1
2004	2
3362	1
64785	3
7327	2
4218	1
100526693	1
6632	3
4762	2
7082	1
4782	13
342667	2
6143	3
4818	2
9148	4
3299	1
27316	3
27063	1
27245	2
5608	1
1602	2
2521	3
221687	4
23601	4
55069	3
7006	1
6546	1
114879	4
85015	1
8449	3
10693	1
8508	6
55867	1
55466	1
5106	2
821	1
57473	2
152273	3
8735	3
12	4
2785	1
23135	3
4162	1
5176	4
27075	4
6347	4
8732	3
27242	1
10525	1
6920	3
197370	6
29110	1
8825	1
10056	5
8643	4
200734	1
79169	3
4950	1
4071	1
4311	1
6717	1
64421	3
282969	7
23019	3
55845	1
23269	3
219931	1
23197	2
2151	1
137392	1
57715	2
1271	6
23404	3
54103	1
9918	3
64434	1
2065	1
10250	3
10673	1
6431	3
55017	1
79641	2
65008	5
653048	3
10257	1
10694	1
55108	3
4123	3
253635	2
8535	3
23616	1
3537	2
254013	1
9963	2
9672	1
8425	2
339344	1
25861	16
4884	6
2905	1
151903	3
84532	2
26000	6
146760	2
3148	3
10137	7
9973	1
2658	2
10563	4
55240	6
64965	3
56061	2
6664	3
10225	5
967	1
220965	2
1028	3
56984	2
126328	5
25894	2
5874	2
4179	1
92359	1
6770	2
10718	1
23234	3
54977	2
598	1
7123	4
6909	3
55800	1
54557	2
9043	1
6773	1
8927	1
6314	3
51649	3
163126	2
2649	3
506	4
85457	3
3069	3
3809	4
115426	3
1140	2
26512	3
63974	3
51479	1
10747	4
23517	3
10328	5
1431	7
2006	4
28232	1
143888	2
55693	3
7799	3
2923	1
23132	3
29763	1
10342	2
88455	1
4324	1
85480	1
5889	3
57642	2
79019	3
22944	98
204	1
148738	4
23532	2
6892	7
5216	1
55568	22
8458	3
1805	2
8611	1
26207	2
84333	3
7404	2
9439	8
3978	3
26525	2
10365	2
1479	3
4889	4
342977	3
55268	4
79027	2
220082	2
729	2
56917	2
283373	1
91408	2
49854	2
333932	3
1010	5
259197	4
83442	1
26749	2
7855	4
5613	1
152006	2
4224	4
1134	2
1136	2
6392	5
54536	1
2041	1
9170	1
7275	1
51258	5
51582	2
2593	3
10454	1
9818	3
3576	4
4209	1
3196	1
2309	1
6923	3
8289	3
85415	1
4008	2
8106	3
7436	1
140803	1
197257	2
7178	1
129880	9
134266	18
10297	1
54969	3
26043	3
51510	2
4882	21
5799	7
9856	2
9124	1
115106	2
10580	1
4286	19
9618	1
10890	1
57708	3
1213	1
57502	1
4739	1
401541	3
27190	7
9344	1
9555	3
10215	3
2562	1
51285	1
157570	3
9184	3
409	1
7170	1
6205	3
2011	1
9241	2
54521	2
27302	2
79098	1
8189	3
162	1
10320	3
51172	1
23077	6
3394	1
84152	1
57804	3
6801	1
6503	1
4118	4
157777	3
79094	2
51340	3
2247	1
7087	1
5074	6
51156	4
3336	2
9960	4
3133	4
1601	1
80012	3
8637	3
10087	2
85451	1
5535	2
10891	3
51367	20
11083	3
4718	5
4495	4
80380	34
22843	1
23326	3
55662	2
23125	3
55095	1
6003	1
80174	3
5685	2
81888	2
1523	3
81502	2
25893	1
124245	3
7045	4
3352	1
3195	1
84108	3
1673	1
5048	1
81554	64
5872	1
7321	2
11217	1
10602	1
3398	2
4093	2
10371	1
51105	3
9971	3
5579	1
55425	1
26206	3
81565	2
55763	1
323	1
1633	8
257000	3
55148	3
6323	1
201562	1
6166	3
55958	2
752	1
2913	1
1312	1
7089	2
251	4
5207	1
158798	1
57541	2
80162	3
4643	1
11231	2
30851	1
9694	5
23043	1
9657	1
254394	3
55223	2
51676	2
6227	3
157574	2
8550	1
25988	3
87769	2
375757	2
6662	3
1795	1
58526	2
10039	3
4591	2
84272	2
64425	3
5191	10
9887	3
26034	1
22832	2
652991	2
55906	2
57562	2
4052	4
1325	10
11006	1
23555	2
8725	3
170680	4
2690	1
55008	2
2056	1
7181	3
1231	4
51411	1
63970	1
1536	1
6910	3
5224	3
64975	5
4864	4
11243	3
146722	1
8233	3
5777	1
10114	1
4665	2
26993	2
201725	2
9914	37
55286	1
7690	3
164592	2
54904	3
2313	3
80347	1
57185	4
377630	3
54778	2
51237	1
9440	8
362	2
7033	2
116832	3
55589	1
91010	3
8993	1
5869	1
11277	3
22864	2
340542	2
5271	4
5540	4
55280	1
9094	2
199221	2
56681	2
5331	1
10677	1
57381	1
7332	1
51122	5
6760	3
449003	3
3720	3
55109	3
1936	2
54014	3
5653	4
81624	2
55128	2
6477	1
9351	1
23131	2
10806	7
80739	1
51108	2
25934	2
54851	1
2078	3
5700	2
4664	3
7341	3
1311	4
83899	2
5494	1
396	1
59345	1
4087	2
58525	3
5276	2
10463	3
6822	35
22869	2
3646	3
83667	6
6637	3
6668	2
1122	1
11126	1
102724652	2
222662	4
5987	2
2950	1
3714	1
92822	2
55357	6
4651	1
3073	4
7993	6
8521	3
728505	3
57580	1
6141	3
56267	1
23066	2
55909	1
571	2
23780	3
5277	25
168620	2
5594	1
5859	2
64283	1
5877	1
60370	2
134	1
54165	2
2849	1
5270	4
158358	2
2978	1
55764	7
9910	6
9375	2
4925	3
57533	1
90993	4
5669	2
57126	1
51260	5
10011	3
84654	1
10521	3
55973	77
9896	2
387680	2
920	1
54939	5
7072	2
285613	1
26272	8
2193	5
3751	1
59274	4
6647	1
10783	2
6596	3
57504	3
29883	3
10459	3
5454	3
9370	6
841	1
55339	3
50862	1
203260	2
6206	3
339965	2
30836	3
27111	3
2316	1
8850	3
9110	1
55613	2
55324	3
6564	1
221458	6
114769	1
25959	2
55291	1
23484	97
3339	4
51082	3
440603	99
9938	1
3151	1
23760	2
151888	1
1621	4
26548	3
58529	1
6218	3
23426	1
266747	1
27069	1
23396	1
9924	1
79768	2
654483	3
3092	1
729991	2
817	1
23637	6
2898	1
6996	3
387893	3
5721	2
22888	2
29780	1
1667	4
92856	2
57666	3
2764	1
125476	2
8742	1
64776	2
516	5
2067	3
8895	2
394	1
4150	3
735	4
3276	3
9397	1
116085	1
80014	1
143279	3
56893	2
55850	4
9156	1
186	1
57648	1
54826	3
3791	1
9693	1
9573	8
90102	1
79020	6
9891	1
10962	1
1182	1
23389	8
100	1
11059	1
5295	1
1977	3
100293534	4
23085	1
8022	2
58472	5
10863	1
1411	7
9588	1
84271	3
4842	1
29094	3
290	1
83897	2
10326	4
1528	9
4145	1
9079	2
3702	1
3613	2
3514	7
5455	3
9329	3
161835	11
130507	3
6549	1
5495	1
3674	4
7345	1
4891	1
2335	4
55811	10
55226	33
79058	2
6614	1
55366	31
23270	2
2160	4
25851	1
57532	2
6436	4
55720	3
221178	1
2146	3
4134	3
5936	3
3730	1
6421	3
7556	3
2812	1
266740	3
23299	1
57192	2
389	1
3029	4
9093	1
9796	3
1965	3
11230	9
93	2
7486	3
171024	1
10272	2
7419	5
64216	2
114131	4
7011	72
22992	3
55561	1
6355	4
163050	2
79753	3
85461	1
100505503	3
79858	3
3812	4
79932	2
63924	39
26097	3
2819	5
8527	1
51585	3
4034	2
1390	1
11093	4
4924	1
116448	1
5170	1
5593	1
92170	1
86614	5
9510	4
84294	2
4821	3
27129	2
27018	1
55894	4
10933	3
64793	2
8653	1
56912	14
7867	1
30011	1
84639	1
140462	2
4624	1
51008	3
1060	3
93611	2
23654	1
9053	1
25870	2
1500	1
5985	3
8477	62
9674	2
6547	1
1796	1
9321	3
22	1
8891	3
11079	2
56913	22
51194	3
25900	2
54955	2
114803	3
1066	2
60	1
7004	2
7770	2
6731	3
149069	2
9311	1
115704	2
4951	2
5118	4
4832	2
2071	3
114928	1
23313	1
9419	1
11329	1
58500	2
3118	4
9326	3
28981	14
389941	7
26100	1
8812	2
2901	8
112495	3
25945	5
2904	1
4692	3
3046	9
8500	1
5354	1
6240	3
151648	3
7579	2
22796	27
6663	3
339230	5
3207	3
5274	4
55843	1
3397	2
50964	4
203447	1
2997	12
1212	1
10001	8
2175	3
23332	3
7374	3
10542	2
64398	1
6795	3
6628	3
80318	2
285753	2
3303	1
25804	3
6936	2
221527	1
9939	3
1508	4
285093	2
29086	7
55273	2
146849	2
4684	1
8899	3
58517	3
55062	2
80146	1
10553	59
5144	1
23348	2
6597	3
54880	3
3442	1
7840	2
2035	1
54799	3
10325	9
5631	8
57634	3
9489	6
3845	1
1974	3
286749	3
7035	4
3199	2
23626	3
8893	3
5281	4
3712	5
79829	3
7405	1
9073	1
128239	1
4897	1
10814	2
23190	1
63971	4
221241	3
54862	2
56667	22
11249	7
378464	5
5966	2
2969	3
146059	3
10771	3
11194	2
143884	2
8467	3
11326	4
1584	2
23580	1
1736	3
317772	3
1815	1
3169	3
23011	7
10103	1
6299	3
84725	1
4059	4
8200	2
23558	1
151254	2
80173	14
79039	1
221079	2
5341	1
5563	1
116362	1
6737	2
137492	1
57459	3
2840	1
4097	2
7403	3
23322	2
53371	3
2315	1
6568	1
283871	7
9095	3
2823	1
7050	3
57596	2
8542	4
10112	3
157773	2
1907	4
476	1
7818	5
2045	1
6935	3
388552	2
8874	1
127829	2
57563	2
4053	2
254122	1
1399	1
11034	1
51699	6
10767	3
2057	1
4351	2
57054	2
10534	2
84679	2
10732	3
256297	2
10928	1
1410	1
84873	4
25879	3
9907	2
11061	1
1158	2
2888	1
284	1
2300	2
116092	3
84067	2
55667	2
10658	3
9212	3
84262	2
51086	1
226	1
51009	2
1473	4
5148	1
10411	1
339201	1
81488	3
149461	58
3667	1
6150	5
285671	1
7508	3
137964	2
54968	3
4697	5
92002	100
5558	3
29121	91
22883	1
386618	2
2897	1
9024	1
10566	11
92105	3
1316	3
56001	3
85019	2
90417	3
5862	1
23235	1
976	4
9868	1
6616	1
10540	1
5037	1
5906	1
6671	3
64518	2
5422	3
2040	1
26224	2
10987	2
27012	15
81786	12
55588	8
126626	2
26279	1
83590	1
27	1
4233	1
4152	3
3268	1
165904	1
4322	4
51729	1
124925	1
53829	4
6993	1
5996	1
29948	2
4542	2
60559	3
6208	3
346562	1
2790	1
79680	1
55299	3
79796	3
1889	4
55120	3
83903	3
3140	2
90627	1
10490	2
7001	1
2762	2
57095	1
7031	30
200894	3
8354	3
8647	1
128977	2
23109	1
5238	1
7428	2
6341	2
83878	2
27287	2
23321	1
221895	1
57602	8
152185	2
307	76
132228	4
5414	1
79710	2
79095	2
259215	1
79754	2
84941	1
11072	1
7168	1
9947	4
5029	1
255520	1
1611	2
79022	2
1999	3
81876	1
6307	2
10189	3
8029	4
22909	3
116349	1
22918	4
92104	14
89849	1
2889	1
51154	3
2342	1
590	11
4860	2
2242	1
991	3
84962	1
694	3
9150	3
6607	3
84064	8
91147	11
81848	1
2248	1
158297	2
221662	2
5989	2
814	1
79571	2
10598	1
55840	3
3897	1
91949	27
9882	7
51226	7
10231	1
8916	2
39	3
79609	2
92344	2
30820	41
54942	3
5728	1
6698	1
11168	3
6462	1
5991	2
5716	2
9789	3
10040	1
654	2
347517	1
727764	1
2291	2
22954	2
60313	2
10533	6
116143	1
6241	3
599	1
10971	1
10483	9
114757	2
7364	9
55122	2
55304	6
79635	2
9425	3
51247	3
28957	5
10220	2
7871	1
11100	3
10577	5
5211	2
23141	1
29945	3
10299	2
3048	9
6340	1
64284	1
10567	1
100133941	3
55885	2
50856	1
55835	2
5241	3
28996	3
1363	2
79760	3
2181	59
6480	1
84960	3
3033	8
4939	4
25865	1
49	4
332	3
3785	1
22999	1
51147	3
29803	3
4974	2
2241	1
6496	2
83938	3
79977	6
9531	1
54625	4
88	1
124857	2
79269	3
84281	1
317	1
79707	3
9354	1
50717	3
9699	1
84034	2
6758	2
11033	1
51329	3
29093	3
6710	1
6101	1
1804	1
29102	3
5533	1
3716	1
64207	1
8153	1
3804	1
10557	20
117286	2
93974	2
51379	2
27336	3
7018	4
80184	2
4694	3
57586	7
9031	3
55728	1
6868	1
3612	1
1856	1
3226	1
64969	3
818	1
92342	3
4908	1
8976	1
9723	7
9371	1
11092	5
80142	4
83853	11
1670	4
65110	3
55503	1
3310	1
5267	4
3973	1
2885	1
1663	3
135932	1
161742	1
5440	3
129531	2
8131	9
4824	3
83548	27
712	4
261726	1
116028	3
23352	2
10903	2
197322	4
384	1
55888	2
6440	6
8243	3
6461	1
11316	7
27340	33
23677	4
9536	4
3418	1
152	1
4200	1
64581	6
10724	3
4038	16
53981	3
22943	4
8722	1
79711	3
1384	10
54971	2
4197	3
4843	1
8787	1
1292	10
84270	1
54187	2
10428	2
2743	1
3024	3
861	3
9451	1
481	1
163732	3
441925	1
128209	2
145258	2
389541	9
9240	2
11080	1
320	1
391634	1
56905	3
6660	2
676	3
3587	4
51164	1
2834	126
60436	3
7466	3
4885	6
29126	34
27131	1
9145	2
8195	9
56997	2
3837	3
2288	1
3788	2
192669	3
25798	1
1583	2
56311	1
51621	3
5795	1
341405	8
89884	2
1615	2
94121	2
4353	4
80028	2
64319	3
22894	3
3267	1
9758	1
10587	3
166	2
9787	2
6427	3
10791	2
79084	3
55216	3
4990	2
25830	1
6945	6
5829	1
54887	3
23215	3
57019	2
27309	2
23385	1
23	3
112	1
116449	1
10612	1
55252	3
1019	3
150	1
253725	2
55607	1
51088	2
79033	1
51097	3
9585	1
3700	4
7414	1
6009	1
65264	2
8192	2
83658	1
340061	1
79618	3
9846	1
9927	1
6434	3
130617	2
23492	3
1286	4
10063	2
5787	1
1990	4
5683	2
54344	25
266812	2
22849	2
1603	1
10425	2
342132	2
174	1
65220	2
10263	7
6883	3
83478	1
83729	2
30008	2
4173	3
6344	1
1073	1
30968	4
4534	109
4921	1
84159	3
144245	1
9859	2
3854	2
2044	1
26013	3
57650	1
5514	1
11270	5
7851	4
23194	2
9652	2
84465	2
23214	1
3765	1
90957	2
5435	3
23191	1
7294	1
2811	4
7766	2
10966	2
22826	3
9143	4
9899	1
5681	1
9129	3
7503	3
3958	4
54	2
10287	1
51024	1
55738	1
55775	3
201895	3
6602	3
51362	3
1490	2
1050	3
6383	1
985	3
81669	3
51742	3
23318	2
4589	22
84103	1
8379	3
140597	3
9144	105
84085	2
80279	6
55747	2
23394	3
6747	3
7112	2
91977	1
30815	2
3074	4
284297	8
27134	1
200845	1
221442	3
4707	2
55967	5
57827	7
84220	3
10084	2
79800	2
10609	1
3750	41
6944	3
25998	1
9933	3
3237	2
84766	2
126961	3
5437	3
91966	4
57716	1
5187	2
8324	1
54676	3
1655	3
26136	1
8832	1
83461	3
84839	2
10884	5
26007	4
2263	1
113675	1
11117	2
56886	60
166647	1
10424	3
5515	1
7037	4
3221	3
51548	3
2912	1
10155	3
255626	3
340784	2
10541	3
4637	1
8913	2
10007	2
7023	3
754	6
78987	2
7447	2
3891	6
7074	1
3547	2
51594	3
1287	4
3627	4
253714	3
11164	2
84643	3
4361	3
196528	3
374355	2
11096	4
6532	1
720	4
196477	2
5660	2
23513	1
54734	2
8693	1
8411	1
3706	1
3233	3
2264	1
8517	1
2138	2
57118	1
29843	3
4647	16
26168	3
23365	1
1153	3
151	1
3115	1
56998	1
8942	2
4330	3
54544	2
54540	2
7586	2
10901	10
5162	10
28971	1
81572	1
5091	7
22950	1
60681	4
923	4
3214	3
4800	3
638	1
22889	3
65986	2
5746	4
57576	2
26353	1
1527	1
84245	4
7841	7
3601	1
91694	2
11018	2
5531	1
5457	2
20	1
4973	1
2565	6
6442	4
3955	4
415116	1
112574	1
55249	2
9518	2
5289	1
25814	1
8995	1
23379	3
9191	1
1303	4
79038	2
1152	2
2077	24
7922	3
25777	11
23035	11
5922	1
9540	2
60493	2
51311	1
2707	1
10238	1
8667	3
5075	2
85444	1
10426	1
9862	8
9978	2
79132	3
112950	8
871	7
80178	2
55007	13
5373	2
440023	2
27124	2
54539	2
10196	3
7014	3
6569	1
26086	1
140885	1
23122	3
22887	8
8266	2
1355	2
6584	1
1522	2
54878	13
83595	2
7702	3
51606	9
80086	1
59277	2
93643	1
410	2
4792	1
8799	10
9423	1
3155	2
6897	4
93624	3
83593	1
56477	4
9620	2
26747	3
10539	2
11030	2
57664	2
58524	2
6279	1
9337	3
90523	3
5537	1
4146	4
285141	3
51601	4
60491	2
79734	2
55437	1
9232	3
6189	3
4922	4
9340	4
2271	7
79913	2
321	1
23581	1
5125	2
22911	3
51324	2
10450	3
8793	1
3747	15
4968	7
63898	1
10491	7
6738	3
2864	1
540	13
337876	3
6123	3
7763	1
28962	2
9837	3
11330	4
4673	3
8655	1
83941	1
2579	2
8446	3
10060	2
10847	3
94241	6
56992	6
2787	1
3949	1
6330	5
2091	3
375686	1
4677	2
256646	3
1843	1
316	1
64396	2
23408	10
26145	3
140459	2
1810	3
55739	2
56924	3
3745	15
6957	1
9402	1
28999	2
51442	29
8987	6
6209	3
60529	3
6894	1
5910	1
7111	1
7780	2
2697	1
5119	2
10845	2
725	4
23603	1
122553	2
3654	1
169522	15
79026	1
10920	2
4695	5
54901	3
7200	1
23639	1
91603	3
2158	4
8190	4
10970	2
57519	12
9026	1
2675	1
1880	3
57216	1
5229	1
55177	1
4000	3
9325	3
23471	3
2702	1
3178	3
5214	2
30061	8
51762	1
3887	2
6117	3
91368	3
550	2
7746	2
2869	1
8110	3
3814	4
55224	1
167826	2
83891	1
5347	3
5763	2
23231	6
9373	1
158399	2
10742	2
9943	1
10797	2
1749	3
1869	3
79658	1
54870	2
26228	1
84446	1
7325	2
9046	1
83700	1
8292	11
64963	3
6932	1
60528	3
10915	3
10481	2
1849	1
23039	3
63978	3
25793	2
9324	3
4335	3
84872	2
57111	1
93145	3
64342	1
2596	1
144501	2
148281	2
9139	3
54766	61
5499	1
2872	3
23244	3
27344	4
4659	1
51384	4
231	4
55890	5
51547	3
1476	4
26287	3
406891	3
6196	1
9647	1
51129	1
3996	1
1665	3
4257	26
57491	3
27109	5
29072	2
9498	1
10318	1
3672	1
138162	2
83443	3
81793	1
57035	2
128821	2
220869	2
4779	2
7306	104
26502	8
6049	3
23325	2
7711	2
85021	1
10857	9
8335	3
80198	3
22845	4
2534	1
57097	4
22879	2
5045	1
23047	3
150572	2
146	1
28227	1
54460	3
6235	3
8880	3
338657	3
7553	3
23627	3
57545	2
7733	2
6342	10
6352	4
55600	4
9372	2
10447	1
474	1
25842	3
325	4
3860	1
100996763	2
54455	3
100533183	1
7392	3
3556	1
10749	1
3122	1
9682	3
3225	2
1244	1
89910	1
5926	3
5756	2
4720	5
11325	3
51409	1
925	4
22934	2
8434	4
6310	2
5305	1
5087	2
4892	1
8623	2
3483	4
23526	1
79834	1
4716	2
1610	2
9374	2
379	2
59082	1
29953	4
26039	3
3162	9
220136	2
3753	1
973	1
9751	2
5897	3
55341	3
196403	2
1033	3
2220	4
120892	1
6175	3
10399	1
7532	1
54708	1
1983	3
54796	3
2161	4
50804	3
642273	1
283150	3
1265	1
55068	2
2187	3
47	1
3134	4
1054	3
10298	1
9770	1
92737	1
79443	6
3728	1
1870	3
56655	3
55612	3
11224	3
53840	2
22891	3
27288	3
3881	2
54961	1
3906	7
2202	2
4656	2
219743	2
165324	1
10842	1
79649	2
6729	3
9313	4
5901	3
9622	4
285231	4
7130	4
3093	2
222389	3
7349	4
50999	6
3053	4
104909134	4
22848	6
169966	2
126119	2
29108	1
10769	5
1022	3
51327	9
6919	3
1240	4
55758	2
10379	4
3842	3
4828	8
9839	3
100533105	1
51773	3
9670	3
2981	1
948	1
3238	2
5789	1
27183	2
90121	6
1827	1
3516	3
51430	4
23327	1
2668	1
23367	1
27329	1
51187	3
10949	3
94233	1
835	1
149371	1
93380	5
54936	6
390594	2
3060	4
9601	1
23310	3
5330	1
6721	3
80237	3
22919	1
333	2
56339	3
653509	4
2671	2
286451	2
10653	4
54874	1
4345	4
3827	4
7003	29
1954	2
374569	1
1557	9
553	4
7059	4
8209	6
1407	2
3590	1
4113	3
114569	13
23304	3
101930123	2
8310	1
8728	1
8089	3
3659	4
84172	3
5209	3
4313	4
11193	3
23041	1
7373	4
23048	1
23236	1
10898	3
22941	1
54819	3
939	1
201965	2
55805	2
84901	1
644096	5
3357	62
6955	1
84440	1
3645	1
6188	3
9807	3
8538	3
78986	1
135	1
6779	28
51236	2
677	1
2019	19
2475	1
64718	1
3026	4
54737	3
6567	103
9935	3
23779	1
3185	3
56904	1
81606	1
7566	8
5652	4
157	1
9867	1
5791	1
1653	3
84057	3
51450	3
9468	1
6582	4
10497	1
79594	2
4331	3
1008	2
374291	5
4255	3
84132	5
55269	3
1021	3
1969	1
64800	1
5783	1
5175	1
221927	3
85456	1
2618	2
3741	1
120	1
196074	2
115265	3
7051	1
148170	17
1038	2
26355	1
2572	2
7253	1
10714	3
405	3
55074	7
3910	2
23498	2
114885	2
7350	39
152189	1
3766	1
26267	2
3070	3
54477	13
147372	2
84861	2
161	1
51177	1
55016	1
83743	3
27141	39
22858	1
2254	1
5596	1
286301	2
5073	3
93426	26
7767	3
119	1
11227	63
112483	2
84787	3
1138	2
25839	27
7979	2
121549	2
55726	3
11282	2
5336	1
3281	2
10636	1
10163	1
9465	1
112401	1
1967	3
54602	1
4690	1
51389	2
823	1
376497	4
54432	2
6752	1
51203	3
84376	2
2949	2
6745	3
54929	3
55196	7
57489	7
5871	1
57605	1
6304	3
84231	1
10590	2
55668	2
55760	2
90480	3
4811	4
6840	1
84707	2
2167	1
6707	4
51319	3
221184	1
11266	3
124930	1
136	1
632	4
80218	2
163081	1
9768	3
11336	1
55374	2
204474	4
4289	4
8646	2
1828	1
55660	3
57463	68
93649	3
201626	1
23435	3
1235	4
5711	2
5893	3
10775	20
114884	9
8862	2
5545	1
4035	1
348995	3
120425	2
3811	4
4809	3
10773	4
5500	1
8743	1
283349	1
387082	1
7094	1
23268	1
4009	2
4135	3
8263	1
25871	20
50943	3
151188	9
2023	1
2926	2
191	2
64927	2
7298	3
2185	1
5009	2
55741	3
3598	1
3017	3
54973	3
7316	1
2875	1
225689	1
3574	1
79142	7
55856	128
4640	1
123228	2
23152	2
283212	1
80823	1
84959	1
23198	2
1509	4
10164	1
63967	3
134957	2
10811	1
10229	23
9595	1
23473	2
80124	2
5292	3
3603	1
53615	3
2115	1
6373	4
55312	1
26285	73
5635	8
9256	4
1791	3
84656	8
7132	1
124602	3
56270	14
131034	1
55083	1
3035	4
115290	2
79676	2
26271	3
30834	2
7110	1
7009	1
80762	1
54020	1
2868	1
64170	2
138311	2
27230	1
5136	4
22877	6
267	2
55823	2
192111	1
10346	2
25824	1
3062	4
1281	1
121536	3
256302	2
7019	2
5126	4
1267	1
28984	3
121457	2
9132	1
11154	43
8703	2
84135	3
583	9
9342	2
2272	1
6634	3
80022	2
57820	1
252839	2
932	3
7189	1
8338	3
57470	1
134492	3
9869	2
23467	6
4010	2
51542	2
7941	1
160140	3
10208	3
29982	3
2251	1
163	1
414060	1
55204	1
126014	1
4321	4
6898	2
123016	9
1786	3
353139	2
149603	3
5194	10
125997	3
1948	1
4336	2
100529144	2
7299	104
80323	2
497661	4
4595	3
4312	4
8771	1
81844	1
10221	1
9798	2
10906	1
55757	60
4670	3
56344	2
81631	6
92806	2
9557	3
8357	3
730	4
80824	1
8302	4
11153	1
10630	1
383	1
6606	3
2252	1
8476	1
89953	1
54535	2
27180	1
2769	1
65259	2
387522	2
22931	1
9744	2
286514	2
55222	2
87178	1
9181	1
533	4
340273	2
170954	2
57134	2
356	1
51631	3
55031	2
79174	2
287015	2
9377	2
3566	1
859	1
55521	3
5063	1
8800	10
95	1
6361	4
94032	1
51144	2
3091	3
9883	2
5939	2
960	1
644	1
199731	1
6700	1
25904	2
122809	1
79698	2
65992	6
6187	3
51435	105
5054	2
1975	3
9700	3
6845	2
727800	2
2653	2
2331	2
10666	5
4174	3
5134	3
7100	1
5165	10
2304	1
55785	1
84640	2
26273	2
81570	2
9638	2
4547	1
5725	3
123722	2
1800	2
2286	2
79083	2
8839	4
2968	3
51224	2
79982	1
4514	1
3803	4
7376	3
54760	4
8115	2
83931	3
6233	3
79577	3
645	9
29128	3
5365	1
22893	2
717	4
283229	2
3163	2
91452	2
25977	1
130916	2
84140	2
55846	1
4338	3
7984	2
29101	3
5293	1
7216	2
9474	1
5116	1
57403	1
25929	3
5747	1
8454	2
10391	6
8852	11
7010	1
57692	2
23399	2
140767	4
134510	2
3480	1
9735	3
9905	3
54478	2
81887	3
58498	1
1821	1
8741	1
8614	3
57162	1
3981	7
7224	1
9659	1
8999	1
1176	4
55620	1
6921	2
4698	2
7323	2
28988	1
55176	1
64061	2
2822	4
389677	1
8576	2
811	1
1741	1
9586	2
91782	2
10210	3
1504	2
28977	5
6690	4
7297	1
5432	3
58493	3
23559	1
139170	1
51225	1
7171	1
780	1
54934	2
6372	4
387755	1
245972	2
126823	3
64101	16
10333	1
51289	4
2890	1
3315	1
10106	3
942	1
8099	3
6439	4
8649	9
27342	1
285782	2
463	3
57179	8
8671	1
5326	2
55700	2
9968	8
55092	5
9650	1
23239	11
1300	2
58191	4
79727	3
9314	3
90799	2
212	2
219348	2
64843	2
114785	3
6676	17
10256	1
23682	2
28992	3
10062	3
221120	4
6786	37
91833	11
100506742	123
10202	3
10235	1
3324	3
1896	4
2	4
11187	1
91703	2
8495	1
5971	3
26001	6
64343	1
5718	2
3032	1
6234	3
50619	1
8519	5
29986	1
55611	2
10938	1
270	1
84335	1
22822	3
3690	1
8620	4
182	4
23576	2
78999	2
30848	2
7064	3
4236	3
3200	9
4281	2
4853	4
5020	4
9742	7
1155	2
79873	2
914	1
5965	3
10713	3
2274	2
9858	33
55075	7
54751	1
10190	2
23648	2
27253	4
22900	1
154214	1
89853	1
3578	1
3589	1
1464	1
27232	1
431707	2
351	1
8618	1
10952	3
55619	2
25926	1
57592	3
4583	2
5058	1
57594	2
5199	4
11234	1
2976	3
9409	10
4282	2
3856	1
29966	1
129401	3
4068	1
90850	2
26088	1
79705	1
478	1
79188	2
1571	9
3815	1
65010	1
1466	3
8539	1
11197	4
2165	4
2567	6
4917	1
2932	1
4661	3
1813	1
55211	1
6167	3
65056	2
3904	2
6643	1
8717	1
353332	2
23062	1
5706	2
8533	2
79901	2
9467	1
55023	2
2103	1
6572	1
10168	2
23072	2
3558	1
80205	3
9847	4
268	2
23529	6
7757	3
85406	1
55421	3
3982	4
51339	1
79065	2
6907	3
284403	2
29855	1
250	4
9270	1
3824	4
4012	1
1141	2
56142	1
84525	3
79791	2
51388	9
8315	11
2034	3
2145	3
5152	2
9855	1
27133	15
6585	6
23423	7
83638	2
994	3
2305	3
9019	1
30010	7
3779	2
3713	4
1133	1
4927	3
5827	10
3807	4
945	1
8763	2
84888	2
85409	2
202333	2
9140	1
79666	2
8795	1
23102	6
23264	2
4701	12
80344	2
57332	3
5980	3
5223	1
55093	2
7336	2
64762	1
83463	3
10717	43
8798	3
4148	4
58480	1
10921	3
84106	2
57161	1
51081	3
10973	3
100532731	3
7542	5
80019	2
8813	25
7991	1
5196	4
10313	2
55722	2
513	5
11331	3
51347	1
80852	1
164	1
27154	3
9627	1
7589	2
11005	4
9356	6
9625	1
64399	4
2623	3
1063	3
11213	1
55696	3
682	2
2580	1
57514	1
29082	2
84141	2
125115	2
217	2
89765	2
10772	3
126433	2
4689	1
64403	5
3344	2
9086	3
51162	2
91544	2
1382	3
55623	33
8928	2
81559	2
219844	3
9825	1
3351	1
5916	3
6185	3
1258	42
50512	1
4502	4
6732	3
119504	3
1797	3
7108	106
8726	3
56916	3
1209	6
23272	7
9823	1
4520	1
60592	7
1270	1
6580	4
11158	2
4781	2
4354	2
3681	1
83606	2
54209	4
253980	2
10859	4
6507	1
63826	2
2155	4
25920	3
29123	3
79602	6
10618	1
64333	2
64428	8
10795	3
6487	4
54758	3
8908	12
5161	10
9696	1
6536	1
327	6
2801	2
55527	1
6566	2
822	3
51564	1
53373	1
8897	3
50861	4
54108	3
51512	2
57146	2
55367	2
10788	1
4868	1
6450	1
989	17
80829	1
23480	3
338567	1
6202	3
10440	18
93663	3
4072	1
7764	3
114932	2
4158	4
126382	2
51052	126
4221	3
6325	1
169792	2
29078	5
93323	2
7695	2
11275	2
51704	1
7528	3
116519	4
9318	2
8412	1
51727	1
51397	5
983	3
51053	3
23386	6
79807	6
1854	3
1636	1
335	4
55157	2
11067	2
150094	1
7372	2
54948	5
10240	3
5284	1
57679	1
3419	7
1773	1
517	5
3839	3
10801	17
84876	37
255928	2
486	1
9365	1
10019	1
6915	1
22977	4
8723	1
57530	1
27076	2
79726	6
100506658	1
23412	5
58477	3
9391	8
90	1
29889	3
3082	4
27244	1
60626	1
64895	3
7220	1
10691	4
27231	1
8242	3
9690	2
84669	1
79868	2
9379	1
3685	1
467	3
9332	4
401190	1
4617	2
3104	2
2281	2
64960	3
29949	38
548593	3
10109	1
115752	3
7411	2
58494	1
163590	2
79171	3
153443	1
167691	2
51176	3
2295	3
65989	2
29028	3
2079	2
4184	2
9404	2
8840	4
3932	1
6092	6
6815	2
421	1
10943	3
51004	23
4978	1
27250	3
7726	2
971	1
10803	4
51602	3
5318	1
833	2
51661	2
5727	4
11313	3
157313	1
7066	1
283989	7
7353	2
79648	3
336	4
160622	1
64759	1
115817	2
4588	30
79695	22
5130	1
84250	3
51562	3
1439	1
392255	2
9499	1
90655	2
10519	1
4067	1
123	2
25885	3
56983	2
5899	1
84313	2
23418	1
4284	1
57630	1
10026	8
147744	107
3212	3
5678	2
100462977	2
22936	3
3614	47
83851	2
26958	7
9741	6
87	1
53340	11
3920	1
102723996	69
50813	2
6423	4
7264	1
8676	2
22938	3
50514	2
6753	1
785	1
2549	1
8416	5
80316	1
826	1
9158	4
8841	3
4682	8
57821	1
254065	3
57555	7
124535	1
248	2
55170	6
8541	1
6464	1
286887	2
9564	1
84464	3
80325	2
23263	1
10401	3
117145	1
10523	3
6929	2
5967	4
79623	22
10200	3
8930	3
5576	1
1280	4
124460	2
57817	8
26073	2
9689	1
7169	1
6242	1
55317	2
4613	3
5348	1
4976	6
25932	1
4641	3
2652	1
3059	1
23230	1
6197	1
51079	5
3105	1
51735	1
1639	1
11236	2
3416	4
7286	2
6733	3
285596	2
54764	1
4833	8
668	1
27301	2
8698	1
1131	1
5569	1
8505	1
23291	2
2192	2
6926	3
5937	3
221	2
51365	1
575	1
10361	3
55848	4
9863	1
5420	1
79003	3
54881	3
283459	108
2701	1
4676	3
80223	1
169026	4
54859	44
714	4
3718	1
26528	2
144132	7
9616	2
8525	1
84807	2
84251	1
55715	1
55596	3
56252	7
111	1
53918	2
26047	1
55617	3
55266	4
1234	1
79096	2
2677	4
5496	1
4488	3
3963	5
4537	5
9612	3
51126	115
26160	2
64105	3
4629	1
1581	3
4705	5
81873	1
23433	1
10392	1
58484	1
55625	2
5790	1
7471	4
3855	1
53637	1
11285	1
490	1
112744	1
79699	2
171023	3
386681	2
83692	2
1787	2
5597	1
472	3
55753	1
23360	1
494514	2
23381	3
11098	7
2547	3
57158	1
83755	2
29841	6
200081	2
1540	1
100526835	1
54457	3
3087	2
10615	2
51295	5
22978	2
9570	2
83988	1
9445	1
57508	3
624	1
51534	2
9513	2
8678	1
57549	2
1020	1
57496	3
4778	2
25890	1
27123	4
5655	2
1414	7
114132	1
359845	2
200424	3
27036	1
7360	3
27065	2
84280	4
9294	1
4149	3
128178	1
10484	9
9085	3
6122	3
4807	2
81532	1
8291	1
4222	2
9727	1
51058	2
140735	1
27338	3
671	4
4628	1
889	1
116379	4
7136	1
4043	1
118426	3
6405	1
7227	3
7175	3
5866	2
2070	2
26121	3
796	4
5686	2
89780	4
2515	110
4001	1
9050	1
11016	3
9208	1
3417	2
6625	3
9429	3
9577	3
8567	7
54461	2
7572	2
442868	2
51455	3
83596	1
114625	1
10214	2
25796	2
56935	6
51098	14
23283	3
55975	2
7454	1
473	2
10907	3
84634	4
100131439	30
5158	1
8775	2
5069	2
246243	3
10927	2
6560	4
6453	1
9897	2
55330	2
377	1
11159	2
54107	3
3692	3
2947	2
8864	2
113655	6
4999	3
8694	1
5335	1
3229	2
9997	2
7347	2
23528	8
9401	7
51552	1
196	3
149483	1
284656	1
10725	7
65018	1
22824	1
23353	11
140609	2
57644	2
9562	1
3015	3
79444	1
53632	12
115761	2
94	2
93100	2
1816	1
64753	2
55671	65
6484	4
2201	4
5880	1
7917	2
27314	2
283869	45
1747	1
963	1
5972	4
64788	2
84920	15
5456	3
1785	1
5600	1
390	1
51747	3
9368	1
9793	3
6820	35
84992	25
135892	1
117	1
79159	8
393	1
432395	4
353497	3
57103	4
7301	1
11199	3
125058	6
79370	1
729873	1
8888	2
1395	4
50945	2
4026	1
8851	1
5178	1
64092	1
353141	2
56882	1
1058	3
5202	2
8013	2
55086	6
10912	3
9255	2
5294	1
5931	3
8997	2
3806	4
6525	3
3836	3
50632	1
1758	4
6441	4
6711	1
259266	2
51	10
55132	3
6742	2
252983	2
2277	1
3796	3
3784	1
3964	1
9136	66
130013	2
6559	1
6201	3
84301	1
3927	1
57221	3
55054	1
9185	1
64112	1
129080	7
3009	3
11142	1
147179	1
6601	3
23786	6
56616	1
8972	1
1847	1
65125	1
3594	10
534	9
57568	2
1047	110
51282	2
55143	3
2554	1
171017	3
10445	2
64772	4
51567	1
65988	2
155	1
51700	2
1388	67
9788	1
7268	1
84844	3
10395	1
64429	7
602	1
55213	2
79042	2
64106	4
7056	4
1778	1
5589	1
7165	13
54443	17
1832	1
147945	1
4258	8
3111	1
2589	1
166336	1
26748	2
57017	23
6204	3
283431	3
55777	1
7265	1
10127	2
6469	4
84069	2
11065	3
3211	19
4478	1
2266	1
10294	1
1107	3
29781	3
9411	1
1846	1
59307	1
342184	3
157855	1
49856	2
9892	1
54407	2
25956	3
838	1
25915	5
55703	3
57448	1
7805	1
6541	2
1207	3
257629	16
175	4
4103	2
23403	2
4509	5
4988	1
580	3
100861412	2
10444	2
10068	1
3921	3
57003	1
9521	2
7335	1
56902	3
51206	1
55861	1
3934	4
8346	3
55187	7
203076	6
1837	1
4795	3
8050	10
6581	1
6863	4
50807	1
4913	3
6608	4
246778	2
344	2
63915	2
9894	3
147923	3
54919	2
5184	2
10336	3
200576	2
51642	5
56257	3
81569	2
5606	1
5595	1
90933	2
9532	1
6155	3
7186	1
59350	4
83552	120
92703	4
8453	2
63875	5
10181	3
79035	3
22986	1
8996	1
10477	2
6320	1
55971	1
22916	3
51255	2
54933	1
10981	1
7101	3
3308	1
57554	1
1485	4
25803	3
54893	2
7879	1
23429	3
653781	3
3781	1
4116	3
7067	3
8170	1
10994	3
29080	3
7781	4
55709	5
79908	30
23075	7
6262	1
84219	3
200916	3
8544	2
29903	2
8570	3
6161	3
1453	1
8945	2
10959	7
4606	1
57599	11
54732	7
9709	2
6857	1
4486	1
10963	1
10954	2
2731	1
4155	1
6775	10
11129	2
146433	2
51160	2
5588	1
8856	3
312	1
26297	6
2876	1
8986	1
5351	3
1305	4
81857	3
64860	6
79047	2
2436	3
129138	1
955	2
3191	3
54908	3
8654	1
521	5
118	1
9496	2
55082	3
29802	4
112936	6
10067	1
79939	2
22927	1
84264	1
6653	1
5300	1
3853	2
863	3
1511	4
256369	3
398	1
4160	4
58490	3
149986	2
2925	3
26018	1
254170	3
10594	3
1048	1
9168	2
114984	1
286	1
57122	3
55010	3
857	1
5693	2
4175	3
24144	2
10617	1
388962	70
54551	6
84307	2
2794	3
92840	2
6720	3
7173	2
6129	3
8475	4
10014	3
4014	4
1937	2
2692	4
27095	2
9542	1
79152	2
55679	1
5013	2
729438	6
80020	2
50506	2
23162	1
7080	3
140465	1
84520	2
22803	3
3658	8
84290	1
1548	9
3933	4
27158	2
6885	1
926	4
57786	3
255743	4
7161	3
10435	1
80335	3
55914	1
58190	3
100507436	4
147495	4
27156	2
6934	3
4276	4
2512	4
767	2
23209	1
84167	2
221830	3
25791	1
7975	2
340390	2
10721	3
149473	2
79447	3
23181	2
2984	1
5306	1
23475	2
60684	2
55188	1
9819	3
79930	1
55526	10
639	2
25957	3
285489	11
56926	2
1291	4
22871	7
79139	2
9587	3
375307	2
5888	3
25802	1
57482	1
5720	2
8805	3
142678	1
30000	3
5322	1
92595	2
10892	1
138716	20
27332	2
2039	1
5586	1
65981	4
1385	1
4212	2
5550	4
90226	4
10274	3
24145	4
25782	2
143684	2
116496	2
7140	2
91746	3
56996	3
84522	2
197	9
58157	1
22797	19
80031	1
10097	1
57571	7
10024	1
128866	2
337972	2
440145	1
5427	3
10309	3
83446	2
116844	4
3688	1
80125	2
9380	5
5754	1
11102	20
4919	1
83990	3
116138	2
79679	1
7849	2
10000	1
54550	2
10899	3
10239	4
51514	3
729515	4
25853	1
131408	3
90135	3
1630	1
6396	3
23078	7
10765	3
27085	3
51377	2
79980	3
1056	4
25801	2
6051	2
1600	1
10998	1
3764	7
4515	1
53635	1
27125	3
9167	2
79959	2
84969	116
4772	3
9878	1
6627	3
166824	1
8470	1
3363	1
6522	1
7222	1
57823	1
10726	3
2060	1
26277	8
9879	3
91947	4
3683	1
79686	6
340156	1
84102	2
6861	7
121506	2
162699	2
26150	2
56675	2
79848	2
326624	1
283489	3
29902	46
3985	1
6282	1
2532	4
8932	3
26024	3
843	1
386675	2
604	3
497189	2
57572	1
3198	2
11137	2
6059	8
55737	6
5358	2
253260	1
60492	2
5527	1
85302	2
7786	1
5834	36
6517	1
9922	1
80895	1
4863	3
64855	2
131474	2
83448	2
613	1
708	1
892	8
5450	4
6878	3
740	5
1004	5
402569	3
28955	8
51199	32
9685	1
6203	3
92565	2
8896	2
653361	1
30844	1
6229	3
1068	2
8394	1
5565	2
27241	9
3821	4
4646	1
4350	3
23196	2
200933	6
23331	2
242	2
7307	3
84193	3
25936	3
1671	2
388701	2
54915	2
4791	3
2747	1
148223	2
7846	1
23246	3
1278	4
57379	3
29109	1
867	1
6603	3
27043	3
55337	2
117154	3
347902	68
91179	111
3938	1
219541	8
54212	1
57142	2
26033	4
51750	3
7290	3
114908	2
845	49
5797	1
8933	2
1908	2
22866	1
54860	4
23765	1
4608	1
51530	2
5079	3
338	1
7803	1
10052	1
11063	2
163051	1
6430	3
200186	1
6276	4
4771	1
374393	3
10403	3
7541	2
55683	3
3606	1
9832	2
79987	2
201456	112
5244	1
51330	1
51808	3
84675	1
83417	30
79931	1
2072	3
64743	1
64100	3
5591	3
1137	2
144125	1
6181	3
55011	3
10632	4
8358	3
22882	2
4846	1
23383	3
4686	3
399	1
55917	1
282809	2
7862	3
140690	3
23506	7
64750	1
168544	10
3454	1
9747	2
57670	1
8125	3
319101	2
5460	3
50809	3
11186	1
8331	3
3936	5
6792	3
83852	50
55276	5
51616	3
85378	1
84678	3
2176	1
8079	1
339834	2
51138	2
6712	1
373509	1
9857	2
23017	1
3676	1
9456	1
55070	2
4058	1
387103	2
23308	69
23481	3
4091	1
324	1
56949	3
3705	2
6530	1
10043	1
6510	2
1103	1
5320	4
56729	3
1164	3
4018	4
10139	2
9541	3
58478	3
23410	10
6750	10
495	2
10266	4
3187	3
51320	3
55174	3
6429	3
3066	3
1130	6
7070	1
80153	3
10568	7
51363	9
100049587	4
51233	2
4580	2
54716	2
51554	4
117581	2
7163	13
55294	2
2800	2
7390	2
6618	3
2170	7
81629	2
29968	1
1978	1
64151	3
8187	2
100533181	4
10513	6
64374	2
60312	1
1620	3
3280	2
30001	4
4893	1
1196	3
51375	2
6343	1
8871	1
79902	3
51150	1
144100	6
7092	2
342538	2
57794	3
54825	79
79187	5
166379	9
221504	2
6809	2
29915	3
6199	1
6128	3
55210	1
100289678	2
5245	3
7021	3
79915	3
79803	1
3632	1
1438	1
10417	2
5506	12
3735	2
567	4
541468	2
29970	1
23466	3
3316	2
64976	5
84312	3
1215	4
84693	2
89777	4
170082	2
259217	1
1760	2
9733	3
3213	19
2100	3
3141	7
1477	3
220002	2
719	4
127733	14
54469	1
3440	1
11135	2
80152	3
129303	2
10242	1
9111	2
4122	1
55293	2
5891	3
161436	2
6708	1
4128	3
23557	1
901	1
1537	2
64784	2
10576	1
3481	4
56906	2
6736	3
63928	1
3670	2
25827	2
84330	2
23064	3
774	1
26233	2
63035	3
5644	4
348487	2
57180	1
2203	2
5578	1
4082	1
8355	3
3206	3
56157	6
55689	3
5452	3
8624	2
23091	8
1513	4
54476	1
128869	8
10558	6
3605	1
339855	1
8438	2
6165	3
1044	3
27145	1
51617	2
1455	1
57698	7
284361	5
662	2
2624	3
27430	48
80018	115
60468	2
7057	4
84166	1
57002	13
9382	27
442867	2
8314	3
23549	2
6520	4
51027	70
81501	2
29098	3
5699	2
6455	1
51776	1
122953	3
5425	3
8602	3
728712	74
5164	10
1413	7
6895	3
5902	3
2308	3
1910	1
9919	1
201292	3
26289	4
6713	2
8048	2
7029	3
3631	1
346288	17
4986	1
150737	14
650	2
2780	1
5279	25
93986	3
92283	116
3956	1
7296	1
54922	1
10640	1
23001	6
54438	2
5940	3
89876	1
1576	9
113091	4
127343	2
51184	3
50937	1
7535	1
6261	1
921	1
11127	1
64146	3
6416	1
54903	11
2049	1
6171	3
9675	3
129049	2
6727	3
64121	9
54531	3
60412	1
2169	2
6611	2
23301	1
79669	2
138474	3
5313	4
10413	1
56944	2
5179	4
29916	2
5068	4
56654	2
4723	5
80224	8
3889	2
196441	2
6513	1
124220	2
85453	2
80108	2
83666	4
54788	1
84919	2
2779	1
439	2
5034	4
51068	3
7134	1
89797	3
6866	2
79728	3
4512	2
6599	3
54790	3
1149	39
9817	2
25886	1
977	1
7091	3
23588	2
7125	1
1501	1
6498	2
29068	1
79091	98
64983	5
2560	1
8633	1
22800	1
23114	1
7869	1
9655	1
3125	4
7490	3
4163	3
5649	1
55872	1
54538	6
23305	10
51426	3
55626	1
6237	1
78992	2
378	1
9406	3
5141	1
23649	3
54509	1
4753	2
9025	3
3217	3
5159	1
253959	2
125050	3
6349	4
11269	8
80776	14
5062	1
27035	1
114609	1
4636	1
4735	17
94103	6
64395	2
2767	1
741	1
1026	3
124790	3
5788	1
3560	1
7088	2
80700	2
2048	1
6103	1
2815	4
9162	2
83855	3
90861	28
51440	2
3090	3
57060	3
51465	2
25884	2
2113	3
7920	5
65997	2
2395	5
84878	2
5704	2
55690	1
1942	1
5522	1
51447	2
90353	71
51561	10
3065	3
9961	72
64427	1
8061	2
388135	1
353144	2
84256	2
2538	3
151636	2
9169	3
415117	3
10972	1
9027	2
4508	5
4998	3
51690	3
873	2
5213	2
2645	4
23108	1
5362	1
84870	31
7293	1
57689	16
23219	2
81929	3
150483	2
2212	1
84875	1
6949	3
9175	1
10066	2
56896	1
4141	2
8241	3
330	1
26751	1
4857	3
79863	2
79837	1
3607	3
1195	3
11101	3
4161	4
836	1
127002	4
55251	2
5887	2
8218	1
1381	5
51102	3
143187	2
10893	4
1891	2
6357	4
5981	3
1946	1
6777	1
140545	2
125111	1
57104	1
4734	1
56475	6
57731	7
81618	1
23237	2
1788	3
4153	1
732	4
10589	3
5094	3
10421	3
51257	2
57575	1
8440	1
8560	1
10482	3
5743	5
79879	2
58487	2
10661	3
5705	2
64714	4
55131	3
59272	4
26256	1
112869	3
283807	1
7827	1
79690	3
64324	3
11190	1
407	1
274	1
22953	75
9343	3
9937	3
60482	6
83992	1
56977	1
5050	2
3208	1
284131	8
79002	3
54923	1
10149	1
51305	1
25941	2
1855	1
23038	2
84630	1
2561	1
8600	1
886	4
51503	3
132158	2
115827	1
51222	2
54784	2
23093	2
5230	1
6624	1
1489	1
9912	117
92482	9
118460	3
23344	118
9083	2
55037	3
7424	1
27286	4
55998	3
339451	1
3202	2
3355	1
2494	3
151531	1
57551	1
26036	3
6609	2
10897	6
9631	3
6941	2
55164	3
3460	1
338382	2
353323	2
79840	7
2280	1
633	4
3301	1
292	10
7225	1
80063	3
55819	2
5798	7
25874	3
144715	3
6610	1
54891	2
7844	2
60314	2
6348	4
84991	3
1650	3
8632	1
5662	6
83874	6
57096	2
126375	2
10295	1
777	2
9274	3
57617	2
9421	2
283106	3
161882	3
9230	1
2683	7
5236	5
578	1
5071	1
7355	2
10846	125
2036	1
84662	2
2643	1
2963	3
54872	4
143384	3
699	3
5863	2
94039	2
181	4
51599	1
51307	1
3952	4
415	23
5502	1
2590	1
55114	1
57113	1
8890	3
1282	4
261734	2
79024	2
57673	5
115708	2
4352	1
10603	1
354	4
8875	1
84680	2
26985	2
23013	3
113451	2
4839	3
7718	2
3101	4
7252	1
930	1
493911	2
83985	1
83844	3
56850	1
10607	3
150946	1
26040	74
84988	5
4901	1
2188	3
51143	1
115992	1
26586	2
8295	3
7329	3
5538	4
11146	1
57409	8
51382	9
9698	2
1072	1
8491	1
113878	2
493856	1
4189	3
2314	1
117248	1
285	1
41	1
1945	1
1027	1
11228	1
4110	2
10905	2
5122	4
4037	1
5717	2
7745	2
51429	1
4900	1
392	1
4261	3
3857	121
70	1
8507	2
6445	4
58504	1
6950	1
8625	3
9248	1
1525	2
6754	10
23421	3
5089	2
55930	1
51025	18
81847	3
54843	7
340152	1
5228	1
27122	2
3396	5
80342	1
58986	2
10277	2
9767	2
26020	2
23071	4
6654	1
91582	5
51754	1
84197	1
2720	7
6403	1
26232	2
9966	1
9278	2
5792	1
51112	2
2147	4
440738	6
7433	1
2348	1
4204	3
53834	1
2895	1
546	3
6621	3
9444	3
10848	1
130271	2
2661	2
57761	2
4074	1
56259	3
26278	2
2911	1
59	1
7444	1
656	2
54680	2
246721	3
374618	2
1051	3
367	3
6865	4
360	1
3554	1
3755	15
27229	1
6005	1
2931	1
1596	121
5774	1
658	1
27101	1
11278	3
10253	1
1823	1
150084	2
23424	2
10537	2
8419	26
11026	2
701	3
3575	1
2995	1
79363	47
9729	1
8817	1
6734	3
57214	1
80212	7
79155	1
5784	1
9244	6
729458	3
2806	7
10209	3
5697	4
5702	2
10588	2
91442	3
23358	2
85313	3
1993	2
1996	2
127557	2
89941	1
114883	2
81839	1
6419	3
2033	3
79650	3
710	4
51693	2
6709	1
6880	3
84705	4
57727	3
220108	3
5990	2
388585	1
25917	33
9911	1
26269	1
91748	3
5587	1
84816	2
149951	2
3028	1
29761	2
10265	3
7430	1
114088	1
79706	2
164781	3
55181	3
11201	3
222068	7
10198	1
57559	2
474354	2
2958	3
8751	1
586	2
25759	1
6154	3
51083	4
132660	3
2253	1
140290	6
266553	3
56852	3
6472	7
865	3
89848	1
5315	1
2250	1
9204	3
6925	2
5076	4
80097	1
84795	6
7273	1
10564	1
26191	1
23065	5
29127	1
51517	1
11221	1
3145	1
683	1
8650	1
831	1
2948	2
1102	2
2548	1
9722	1
2688	1
8663	3
26574	3
29894	3
133746	3
2157	4
80725	1
6328	1
56648	2
7520	3
135138	1
1763	3
11333	1
50616	4
10813	2
5507	12
122060	2
7381	2
6452	1
245806	29
51657	1
1964	3
94015	1
6198	1
65979	1
53832	38
51309	2
5251	1
6741	3
51506	6
85465	2
3320	1
158787	2
6678	1
545	3
23207	1
63894	2
284723	1
1378	4
286204	3
63932	3
85445	7
5000	3
8506	1
116985	1
401388	2
56000	3
5139	1
5806	4
972	1
374654	2
4627	1
27289	1
8349	3
288	1
10236	3
284208	5
159989	2
5023	75
2784	1
728071	1
7976	2
83933	3
1082	1
55256	4
2946	2
55173	3
8894	3
4666	2
10431	18
23511	3
6100	3
64422	6
55770	1
54960	3
6805	2
2224	1
1012	6
1915	3
93487	2
51060	2
3990	1
5999	1
54867	3
117246	3
9688	3
79365	3
3018	3
7319	3
11133	1
5304	1
183	4
28960	3
864	3
84298	13
160065	2
84957	1
27161	3
9589	3
54472	1
100130086	4
5476	7
27077	3
51168	1
10641	9
649	4
7517	3
139341	6
1893	2
5518	1
55227	1
10075	2
28964	1
51651	2
2533	1
374659	2
2178	3
84966	2
147	1
9734	3
1912	3
8777	1
10049	1
114880	2
24148	3
5028	1
1742	1
387923	2
23524	3
9810	3
2686	4
10159	9
8140	4
137735	1
137886	2
8323	4
885	4
2768	1
54972	7
151871	2
1318	4
84218	1
2798	4
7248	1
9267	1
28951	2
79991	8
5612	1
26019	3
1660	3
86	3
4049	1
54617	2
2736	1
57144	1
775	1
64328	3
10285	3
7283	1
8658	1
92906	3
2703	1
1857	1
64215	4
26286	7
129868	2
29990	1
10948	2
10712	1
90525	1
3586	4
157638	102
653240	2
63908	2
572	1
8148	3
526	9
23012	1
51259	2
946	4
10736	2
7039	1
11335	3
285429	2
4092	1
3600	1
8554	3
4143	48
11340	3
1200	8
23046	1
147664	2
23008	2
7027	3
26012	2
6176	3
126868	2
53347	1
8729	1
83987	3
9399	2
4726	5
8853	1
85291	2
7184	1
3055	1
84733	3
8718	1
1002	6
25822	2
8609	2
10327	3
4239	4
1006	1
23164	1
159119	2
8498	3
1298	2
81858	1
51297	2
5509	12
8836	7
5016	28
5744	1
284307	3
84285	2
3108	1
3346	3
92	2
6631	3
51022	1
94274	1
8433	3
57622	1
4729	5
6514	24
51272	2
56676	3
7357	2
85369	1
6401	1
10301	2
5355	1
79075	3
142891	1
8471	1
9218	2
142679	1
51592	2
83714	3
3984	1
58485	2
9658	8
1634	4
129521	2
3012	3
84246	8
5314	1
162427	6
8496	1
6523	1
23201	2
55857	5
3930	3
4185	3
3337	1
5870	1
653121	2
373156	10
7429	1
25758	2
51655	1
6714	1
165918	2
57719	23
5740	1
2101	3
6695	4
114805	3
55870	3
55591	16
10293	1
8086	3
29952	3
51555	1
27335	3
11167	2
50624	1
10105	1
417	1
4654	3
94025	122
84946	2
943	1
51393	81
5536	1
136371	1
4528	3
7143	4
84126	3
57176	1
8027	1
84466	7
84572	3
6305	127
931	1
51252	2
165530	2
1203	2
28956	9
3662	1
10120	1
215	10
5810	3
353132	2
6284	1
11198	3
5688	2
79876	6
221937	3
373	2
136991	1
51100	1
129807	2
27248	2
57693	3
8408	1
84528	2
23165	3
5602	1
10468	2
6787	2
4790	3
1503	2
64853	13
1284	4
50805	3
54210	4
7386	2
514	5
91851	2
1629	10
1906	2
84248	3
201501	3
23184	4
139285	2
117245	2
5803	1
79590	5
343472	2
3013	3
56956	2
55803	2
10487	1
416	3
23295	1
357	1
150864	2
3045	9
2130	2
79882	2
1933	2
4700	5
1013	1
3799	1
81875	6
11274	1
7090	2
24140	1
10951	3
84661	3
7410	1
8882	1
553115	2
7980	4
55829	2
5639	1
29901	2
4102	123
9141	2
55769	2
55142	2
84196	6
10622	3
5782	1
7857	2
10458	1
9502	3
55603	2
6502	3
5885	3
9482	2
79856	1
9478	1
28514	4
5575	1
404550	2
9352	2
10953	1
653404	2
51764	1
84651	4
779	1
10956	2
1803	4
10763	4
51101	6
285672	3
597	1
208	1
259230	2
51234	5
26270	2
8464	3
4215	1
535	9
10945	7
51132	2
319	4
434	4
165679	6
11145	2
56658	2
29105	2
54149	2
552	1
10605	3
23363	3
102	1
29070	2
10126	1
974	1
93661	1
4144	48
3916	1
820	4
116071	2
22924	3
9600	1
9413	1
90678	2
89866	3
5604	1
54776	1
54492	4
7086	4
4784	2
9695	1
1675	4
3001	3
54869	1
338692	2
9547	1
4100	2
5493	1
7223	1
27132	2
57621	3
4704	5
10923	3
8220	6
220213	1
5932	3
26152	5
6965	1
9851	2
159296	3
2693	10
25843	1
8019	3
5007	2
2125	4
348235	3
6137	3
51069	5
10252	2
54487	3
203245	3
9738	2
56925	2
26505	2
3184	3
653602	3
3777	1
252969	2
140576	124
23045	1
23583	2
10877	4
9322	1
400	7
5438	3
4436	3
54840	2
10885	125
144717	1
55633	2
3608	3
26147	3
3861	1
91392	1
10498	3
2689	1
51573	1
90379	2
7126	2
2745	13
11004	3
3172	3
8404	4
56301	4
91445	2
29920	2
148581	2
55178	5
9746	1
84759	3
60598	1
84174	1
56034	1
5366	1
89870	1
166979	2
9068	1
3543	4
1544	9
10551	2
23092	1
25970	1
4715	2
9459	1
80854	3
25979	8
54434	1
84970	2
55502	2
7124	1
55225	3
6170	3
5710	2
5321	1
3512	4
79092	2
7625	3
3495	77
10524	3
170622	5
7334	2
60673	6
54822	1
3726	2
29931	3
653604	3
4214	1
2862	4
1201	2
114822	2
3570	1
84948	2
58528	9
9266	1
3425	5
26205	4
51659	3
3488	4
55540	7
9064	1
10072	5
196541	2
100271849	1
22981	2
55791	2
1121	1
338917	19
8697	3
65003	5
57464	1
26054	3
115727	1
51402	2
51099	2
9784	1
255919	2
58488	128
4681	2
84727	6
51593	3
53916	1
57485	2
3050	9
40	1
10081	2
1070	2
3708	1
4133	1
25939	3
6495	2
10664	3
114902	120
11232	2
1618	2
26225	3
11200	3
85358	1
54802	2
2957	3
51065	3
2117	3
2990	2
1892	1
56940	1
3732	1
51298	2
2235	1
1979	3
22976	3
3270	49
9231	1
51477	1
55336	2
2577	2
4750	7
3727	2
55816	1
199692	2
11036	3
4680	78
100316904	3
23788	3
5046	4
246330	1
170685	1
23210	3
55201	1
10659	3
1268	1
54510	1
3849	2
5570	1
55794	5
7291	3
56993	2
2861	1
5905	3
26108	1
25813	2
6300	1
60561	2
51667	2
154064	4
28513	5
2817	6
128434	1
1950	1
27128	1
965	1
51003	2
5982	3
23281	2
5449	3
79751	2
57597	1
7167	4
55127	3
64218	7
4325	4
2214	1
112399	1
162989	1
23613	2
2355	2
25975	1
54148	5
733	4
579	2
539	5
5994	3
9265	1
282617	4
403	2
9610	1
84617	1
1173	1
283629	1
6860	2
5439	3
7026	3
26060	1
5167	1
663	1
79696	2
79585	2
359	1
23076	3
10611	1
3437	4
7155	3
7099	1
65991	2
7024	3
64856	4
57109	3
10944	4
5471	2
92345	3
4437	3
2936	2
145946	2
3037	2
3911	4
3487	4
55718	3
80221	2
1780	1
4207	29
55103	1
51528	2
5525	1
5603	1
7040	2
51274	2
130540	35
6443	4
23759	3
23640	1
11346	1
4604	1
51527	1
3098	7
2213	1
10965	1
7203	1
3651	24
201475	1
8328	2
5147	1
25841	3
6146	3
2621	1
80243	1
4902	1
8562	129
84332	2
51246	1
9452	1
7942	19
7417	7
8816	2
9183	3
122769	2
22873	2
1678	1
5881	1
9990	1
