EntrezId	ModuleDC
7855	0
64407	1
23264	6
26118	3
5990	4
2775	1
10270	5
3236	7
6624	5
113174	24
9267	8
10847	7
79803	26
9077	8
10980	9
63893	8
23048	8
7038	10
80319	7
3291	7
388272	11
652968	12
8091	7
8940	4
200933	7
57506	1
4436	5
51389	13
131408	14
221613	5
2232	7
1022	14
6364	15
151507	7
9205	7
7171	16
26039	7
402569	14
1943	8
4700	17
6594	7
9738	18
23582	4
23559	8
51729	8
8312	7
4613	7
5598	7
64787	8
51085	4
29888	20
5954	21
5464	5
10613	2
1101	10
5972	4
23506	1
51206	8
253959	7
64648	25
25978	222
3964	4
29127	21
554	1
6651	24
55272	4
4919	8
538	93
5786	8
51322	2
4712	17
476	1
79089	44
7884	14
256364	24
2202	4
9885	27
6419	5
5167	8
151531	1
116028	5
23067	7
80314	28
3358	1
129563	9
8110	7
1182	288
3735	29
26469	8
6346	30
4715	17
8939	14
125058	1
9013	5
10597	32
5601	1
404093	8
10589	7
326	7
5017	7
1795	8
5959	33
91369	34
1615	29
163081	1
54585	35
25924	36
3171	7
8517	1
161835	37
1363	5
129303	4
146540	4
54206	8
22879	38
4256	39
64403	568
7376	7
56257	14
27125	14
283373	40
79026	5
347902	293
65078	41
2790	42
5587	8
50506	43
64118	49
2155	10
5794	8
26020	10
56998	7
3568	8
79036	4
3689	8
5422	5
6663	7
10147	6
28957	45
23345	14
87769	46
945	8
6091	198
8698	1
221092	14
10677	8
129446	16
10204	14
57496	7
9468	16
11186	1
79050	4
551	47
84851	8
79155	1
9730	9
6822	48
5716	2
10748	8
347517	5
84080	4
84064	50
1395	51
143471	2
391634	8
3598	8
81848	52
10120	53
6222	49
5089	54
8658	5
6165	49
9443	7
9189	32
640	8
51660	4
10023	1
8549	55
4724	17
51554	56
7314	2
317	1
10950	5
134265	5
27434	5
10916	7
164	58
9526	245
55620	8
890	5
160065	7
112755	204
23197	2
51384	253
55749	24
200316	1
5728	8
6385	8
84953	59
55805	1
260434	1
283349	5
407	1
55747	60
79842	7
144455	5
145282	4
155061	2
768211	61
5639	8
55740	8
51147	7
3754	62
8573	1
90441	63
22984	7
2814	10
5326	5
8828	8
1536	8
57693	4
116519	64
56935	65
51200	66
9782	14
7798	67
3265	1
9367	68
22909	5
51272	69
3297	7
65997	70
25870	7
55341	63
7253	1
3662	7
9166	282
57620	71
56897	5
2188	72
29119	8
23336	8
57574	8
389741	4
56903	14
6530	1
10939	73
9044	75
27247	76
117143	7
116225	4
83459	4
60493	4
30820	77
84085	7
6757	7
10248	80
7126	5
63035	73
84920	81
7294	8
8030	20
52	8
100293534	82
81928	5
10787	8
221955	83
10810	8
4923	84
56155	4
3491	7
23177	7
7223	71
467	7
114822	4
1161	9
10992	14
9732	8
4756	8
23038	9
29904	1
493861	318
2322	8
27175	86
6545	5
941	8
1397	7
7110	7
22937	2
9554	69
4242	88
56681	6
968	8
493829	89
64207	8
9380	90
23373	24
1968	49
140691	92
5629	7
9646	14
3816	10
85476	16
57562	5
8615	69
3596	8
4723	17
5581	1
55153	7
54386	5
4621	16
440145	86
84365	49
93611	2
54472	94
1667	10
58503	340
5092	4
55100	7
5617	8
1969	8
26240	4
151636	2
51150	20
6840	8
23581	1
57605	8
10217	2
23644	14
10318	1
9863	8
25842	7
152028	95
55611	2
3590	96
51056	5
55178	97
4855	7
123228	9
9319	4
6613	7
472	5
9436	98
955	6
4233	8
51377	2
5894	1
6965	8
27076	99
8772	1
1609	1
55216	4
7276	1
63876	7
83475	4
283234	54
23403	2
4880	100
10438	7
741	24
9270	1
8189	14
23770	1
51105	7
57553	59
5874	101
26276	38
7123	10
28977	97
50512	8
50804	7
5514	1
132660	5
782	1
1195	14
375748	4
79095	102
55083	1
64285	8
51552	103
3187	14
7021	7
51440	4
11113	1
22995	104
7415	2
49854	24
55175	9
92667	105
64386	106
79156	107
10505	8
1797	108
8618	31
55037	109
54623	14
23626	5
27107	7
55165	4
51164	53
5800	8
9241	39
57568	110
8799	224
196383	111
7068	7
585	35
729230	56
55713	4
23178	112
23498	20
84105	113
1756	172
201294	101
5893	5
8409	7
57804	5
9021	8
57125	10
129080	114
112	115
54545	116
149371	4
3251	4
3087	7
8073	59
10425	5
51280	49
7629	7
8480	14
653857	117
23199	4
7012	118
84516	53
4282	9
57143	59
200081	4
646	1
5897	5
4311	8
10383	20
93	39
169792	119
6430	14
51726	24
5803	8
5962	8
23426	7
51693	120
79960	7
83987	5
51340	14
8328	4
148581	2
3956	8
7157	5
319101	4
9702	5
4682	121
23168	14
5905	21
3224	7
169026	122
23097	7
10612	124
57016	125
383	448
2597	5
11126	5
55785	87
3106	131
6610	8
54033	4
147	1
6361	56
64344	7
6320	8
133418	7
2773	1
10549	7
10398	16
10063	5
50943	7
55750	8
6730	49
56674	5
6181	49
7035	10
6710	8
251	126
9231	8
287	8
30011	8
100506164	127
10278	8
6830	14
54850	2
5915	7
92703	128
4111	11
22877	129
9868	130
2784	42
6324	8
11011	5
3813	131
6405	8
6309	474
10891	7
90025	2
10201	132
93974	133
7203	20
27250	49
3626	39
2101	7
8502	1
2917	1
6670	7
1997	7
83596	1
2898	1
6868	8
54901	5
8908	79
2199	10
432	10
8534	24
5444	106
81	8
5608	1
56957	1
389015	1
23524	14
57617	38
3741	1
9470	4
3440	8
4514	1
140459	8
5367	138
121457	7
114990	139
6629	14
3336	5
6370	56
84654	4
4828	140
79879	133
112597	7
1831	7
164312	4
81603	2
4321	10
55621	113
10266	143
406881	144
143884	4
56122	14
23252	2
9933	49
375298	7
6525	21
7249	1
84937	2
583	35
5045	145
55840	14
4091	7
4185	14
25758	6
8764	1
7832	7
10610	7
29965	1
3977	8
2339	1
25960	1
648	73
9627	1
211	146
55388	5
4192	8
55759	49
8701	148
85457	9
64682	149
200734	148
10209	49
55223	7
26751	8
54758	7
1727	518
3688	8
6992	1
6293	4
57129	97
5136	64
5195	7
10260	24
5730	520
7597	1
6009	1
79613	1
50964	150
931	8
1634	10
8543	7
653808	44
285195	148
961	8
3487	23
4059	151
5613	115
282618	152
6696	10
55161	1
51741	14
1909	1
84651	153
3892	4
8470	8
51606	154
55559	155
5713	2
79038	4
2890	1
54908	21
3206	7
55186	5
771	14
79648	5
83786	156
342132	4
9047	8
4636	1
3762	157
283237	24
6231	49
10978	14
1132	158
155465	99
2078	14
55357	1
128178	1
58	8
3267	58
9734	7
10346	4
101929876	4
3832	5
60672	1
256369	21
4900	1
354	10
10634	21
3557	94
11001	159
5732	339
5160	167
8778	160
51411	8
7173	43
3062	161
57226	162
201254	72
4508	163
8785	10
6019	164
1635	4
83878	4
23624	8
7535	8
79664	14
3931	64
4291	24
834	1
8500	165
2149	1
53944	1
3802	166
5164	167
23085	1
54821	21
7849	7
23295	20
2891	1
4277	168
9616	2
5593	1
144983	14
1490	10
84674	1
26155	5
4507	1
9559	252
79915	5
3949	1
8742	1
201255	4
64072	36
55848	5
84958	169
2760	170
56911	171
1289	10
340390	7
54221	172
10298	24
51807	7
539	163
4253	173
3159	7
57461	14
283152	4
6119	5
5523	20
9113	1
51567	7
9878	1
1740	1
2263	174
83552	175
10055	7
101930123	5
8131	176
5866	4
5980	5
11063	39
56341	14
10153	7
8633	178
64428	121
125997	7
86	28
4314	10
51450	7
7070	8
27018	1
273	8
9748	5
343521	139
8836	2
10228	204
55074	5
286006	182
57493	1
80262	183
2122	7
673	1
11004	21
9372	7
7345	5
81629	4
4093	7
57216	8
79921	5
55435	184
11052	14
8943	110
4998	5
728689	49
2034	7
56901	5
3716	8
51594	49
55250	8
219854	122
30846	186
51282	332
5267	10
220082	4
85300	24
8487	14
401551	7
25843	20
54878	10
23548	4
3851	5
84629	7
6835	5
85415	1
126382	7
6908	7
10728	24
6376	188
5700	2
6206	49
27436	5
23114	8
9248	1
50616	189
284	8
55791	5
374291	17
22882	7
23404	108
51142	163
10725	24
84888	44
92565	73
8803	4
11313	118
11224	49
134288	44
1512	10
54069	21
2902	1
116092	7
5125	4
55770	191
90249	178
6152	49
246744	1
9696	24
4988	1
63971	192
3175	7
6330	193
1441	8
55863	105
55333	39
4974	194
58472	195
6173	49
4857	14
30062	7
84727	1
51599	24
23601	196
140838	137
8459	30
2956	5
22944	197
6586	198
165	7
7416	1
5819	612
5793	1
116461	199
259197	8
5203	201
8636	4
351	10
6726	49
8731	14
6938	7
55692	14
6886	7
3065	7
126282	2
26297	7
55829	2
40	297
8814	7
80316	1
158067	171
6422	1
27338	149
6850	8
51808	14
6729	49
5782	8
7051	10
9341	204
10069	4
55054	1
1892	8
285429	9
56339	14
283208	206
26270	207
54957	14
245972	2
203447	208
9528	1
8678	1
6101	20
26059	165
23387	24
6584	256
5599	1
80232	1
885	209
6871	7
10640	191
10865	4
4142	1
26523	112
6943	7
54622	5
25904	222
7133	1
9751	204
22808	1
10345	210
53829	56
64848	14
1964	49
6281	1
91368	49
23077	7
3838	14
4750	5
3162	1
136	8
55916	14
29109	8
1500	8
83871	7
4583	5
54413	1
79977	212
80212	213
83446	214
11124	1
114785	108
10499	7
26002	4
5198	5
57565	91
5635	215
2274	7
84131	20
59348	5
6340	8
8515	8
2629	381
5551	8
342538	5
9859	203
7003	7
1015	7
84206	112
23593	8
25980	133
162427	1
122961	8
51806	1
9772	8
286205	7
11339	21
54819	14
6748	49
1610	218
23381	49
23380	198
1908	219
3767	220
8556	5
6727	49
5837	221
9031	7
128866	222
720	223
576	1
51529	2
4063	8
10461	8
84164	5
1812	1
54876	9
84911	7
84708	4
10280	71
8611	1
8504	224
23220	1
4537	225
11096	10
4686	14
9159	14
440738	1
6935	7
4102	227
1856	4
29969	14
84759	73
1192	120
54938	359
11219	5
6252	229
3425	22
3178	14
23409	230
65110	49
26994	2
112840	14
10242	231
8763	4
4318	10
5621	232
1544	233
100529239	24
4354	4
197259	1
5928	7
6940	1
57470	5
4210	1
65266	346
7089	7
10863	8
8644	5
406891	14
84876	71
25957	14
3109	8
23253	7
10507	8
158798	115
5024	234
84078	1
5753	8
10163	8
223	5
26145	7
10244	235
7701	222
54148	97
22994	203
8800	224
7200	569
59271	236
127703	4
54345	7
22863	237
608	1
192683	238
9191	1
85365	8
283629	7
9228	1
10467	28
51250	14
26995	132
2533	8
154881	9
55274	7
1581	7
83941	10
64170	4
9451	24
89765	1
79753	7
1081	239
6522	240
27429	1
729475	5
23473	404
4303	7
55534	7
7188	1
2800	4
401	7
8859	14
9533	14
7299	241
51582	2
55616	8
5521	20
8346	49
6358	56
4853	7
5134	14
2896	4
56001	14
124401	4
178	242
7402	172
56477	56
7352	24
374354	4
26043	14
8338	5
6790	5
22885	4
25932	8
7056	10
1006	7
22977	243
27287	4
5292	5
23324	207
4153	10
64376	4
10471	201
55297	184
3250	64
55503	1
23382	244
1670	10
10106	7
100133941	49
9910	1
5170	1
9202	246
23418	1
6025	5
55111	87
29916	4
79092	4
27109	163
2245	8
84274	247
55612	14
27236	315
9423	178
374393	5
51187	49
7552	628
6580	248
2888	8
387893	7
9854	8
9325	7
79365	7
5973	32
7086	249
8607	28
7444	1
4018	10
115557	1
4660	1
104	5
23363	5
7102	14
81704	250
10523	14
10302	7
145946	4
146722	8
84364	211
80125	4
9644	8
5345	10
5133	251
29780	20
112936	252
23039	14
54468	14
3609	14
64425	14
10066	238
51528	2
2237	5
84108	73
5351	14
4720	17
5467	7
93185	8
91408	4
54937	4
10952	49
4867	8
440193	7
9478	1
283248	7
3108	8
7178	5
100287932	254
4176	5
7008	7
5777	8
28951	133
57118	8
9540	5
129401	14
11018	255
8506	8
6569	256
23354	155
7220	71
57575	1
3364	5
2048	8
83548	123
55701	257
79446	4
84650	258
257364	8
22873	259
2041	8
9739	7
6883	7
1212	58
57060	14
4848	112
8805	7
51070	20
3840	14
11104	9
10103	8
26073	5
375790	4
10550	349
60561	4
54933	8
29993	8
23072	5
7140	260
9022	8
6280	1
4729	17
79590	97
57549	5
57119	185
9770	1
2560	1
348	1
10054	7
55379	21
116	1
286262	1
80012	73
64411	8
967	8
7430	8
3606	1
55450	1
25975	8
3837	14
11198	14
57680	7
988	14
51560	1
6047	7
84717	7
23533	8
8669	49
5879	1
113146	1
11143	5
56000	14
2534	8
23589	4
1998	7
1412	263
2639	1
10576	20
84833	133
649	10
3963	14
51503	14
55743	2
100529144	112
8637	73
121504	7
25759	8
10197	2
3861	4
154214	264
8545	7
51631	14
64960	427
55004	343
7141	7
846	1
11138	1
147664	7
51132	7
2967	14
139341	1
79870	4
9840	8
9659	4
8209	14
26119	58
570	8
5557	5
10801	265
976	8
51547	5
3433	128
5619	14
57715	4
6845	204
29902	267
9648	268
7443	5
5711	2
8294	7
2948	5
54948	97
7169	16
2212	8
85477	8
86614	269
1466	7
84547	332
1134	270
9898	7
7375	5
1303	10
2029	271
525	154
57379	108
55625	54
100532731	73
867	8
266747	191
108	115
2260	8
51154	49
1995	272
137209	4
340061	1
3483	10
55003	8
805	1
51742	7
51076	4
10630	8
6343	10
1477	14
548596	14
22871	169
337867	2
7167	5
55275	273
60528	7
134701	177
7879	59
50619	1
55915	275
5348	1
119	8
29843	7
138716	80
4116	49
3098	271
5594	1
10472	7
56259	14
7224	71
26256	1
7412	8
2241	8
9727	103
51776	1
65265	4
57485	276
2315	8
80764	4
11336	191
1235	278
176	10
4957	20
55273	4
60	8
9823	1
132158	4
50809	14
6738	14
168544	8
138429	279
130162	58
2185	8
79657	24
136319	7
3068	14
7726	4
8871	8
10898	14
85021	8
55049	2
4820	14
100526842	49
4140	24
2023	5
11261	1
5122	321
9774	14
100507436	280
55226	5
55086	24
51705	14
2050	8
909	131
6051	7
5241	7
27065	177
5362	8
1032	4
80023	281
2769	1
122042	164
983	5
23174	283
4478	8
140803	1
3312	24
91582	97
8490	1
143241	4
6147	49
28962	4
55363	7
53918	108
51035	5
83707	1
6990	179
121340	8
51714	49
283576	202
6262	1
6597	7
57697	72
55890	225
2353	7
6137	49
27071	8
80143	20
26071	246
10575	20
26254	14
57546	8
27173	285
8613	8
23186	7
9182	1
7511	4
1808	286
51001	287
267	2
23378	7
84617	20
7252	239
65010	288
56970	7
287015	4
10587	7
93487	8
3480	8
10606	4
8498	14
6607	14
51194	2
3198	4
5746	289
139285	5
4495	153
1163	5
85301	10
64978	97
3190	14
3904	290
317671	291
83874	256
2683	20
11159	4
127544	292
57463	293
64412	49
9368	256
10444	14
3625	39
2767	1
23130	7
135138	20
23014	2
23204	4
56917	7
26127	20
85453	5
124245	14
6136	49
346562	294
5834	295
83752	296
83903	7
10314	297
7022	7
3078	8
1729	1
8553	5
58477	49
81887	298
6304	7
43	10
2950	4
7057	10
10382	20
81559	2
5828	5
286075	4
147495	150
7827	8
23095	1
27166	1
79022	4
109	115
51564	7
8218	58
55684	4
51368	299
5010	300
5328	10
29899	1
23329	204
51171	4
23414	7
154810	1
1135	301
23176	265
9821	1
266553	7
283229	4
79763	167
3868	4
2275	4
54913	80
22858	1
2820	10
3048	518
8986	1
84159	7
23150	1
57113	71
2876	8
521	163
5734	302
80145	14
57504	7
91404	1
4074	184
1731	265
5923	1
10437	1
23462	7
54700	5
57580	1
84447	2
533	303
51499	1
477	115
9766	4
79633	6
84132	45
23429	73
6753	1
5965	5
2984	304
4292	5
54900	8
5529	20
55124	305
6197	1
375056	10
219699	178
51429	8
90957	4
83985	1
64506	5
26206	14
839	1
133	8
79856	24
5272	5
79845	136
7644	222
6431	14
285672	4
6731	49
114932	4
56902	49
22843	5
23094	203
57556	8
10825	8
1400	5
23564	4
688	7
56243	4
7325	2
10127	4
55110	4
337	307
51690	14
10232	308
54602	8
26225	7
54851	24
23658	14
662	1
57692	5
25939	5
4601	4
4593	309
23086	101
25871	80
54477	93
54544	4
83606	310
161742	52
125476	311
3684	8
4158	312
3123	8
84893	5
10541	14
8301	58
497661	303
5739	1
22895	313
327	314
3687	8
8434	10
340371	4
9759	7
3728	8
9512	254
51177	1
285464	8
5764	5
10267	143
25813	4
54014	9
51700	4
8318	5
55048	8
285141	7
10899	5
50514	5
54861	24
9145	603
3215	113
3399	7
84532	160
116138	14
9168	146
3417	20
23411	7
6418	5
162681	113
2675	316
55627	108
6585	198
1629	604
7097	1
1318	303
2395	317
51226	211
9820	5
5956	7
27342	184
51719	78
64837	24
57179	5
7111	16
7741	4
1473	10
79595	7
7757	7
64420	192
4217	1
23423	200
23532	14
1734	3
79850	533
8560	8
55187	1
56159	4
94235	42
8355	7
1298	10
2897	1
8935	8
51008	7
6693	8
229	35
2786	42
708	1
126014	8
7135	16
6957	8
55423	8
978	4
25920	14
1294	10
26502	319
51517	8
22900	1
54931	320
9856	9
4628	16
5603	1
57685	1
153090	1
1300	246
55284	2
84260	4
6347	56
9563	207
9475	1
79768	4
710	10
785	1
54407	2
2515	322
23405	112
64430	323
6514	14
148281	4
10235	1
1326	1
3807	166
199731	1
23759	14
2307	4
201895	14
338382	2
1822	4
29914	324
9026	58
26056	103
102724560	7
85456	112
54910	1
30850	4
7504	219
5036	49
80224	319
3855	8
2619	362
134957	204
79760	14
2011	24
392862	1
4043	1
27253	325
386724	293
1509	10
79709	2
221927	5
1244	256
22985	14
5015	7
8161	14
8334	7
7980	10
55234	14
84970	4
9675	5
84557	1
3326	24
8092	7
5552	10
4632	16
63928	1
6746	49
330	1
55258	117
7477	253
10765	7
64689	200
2271	326
5876	59
114904	44
10328	327
11036	7
3434	128
64398	1
54438	4
55326	246
96764	7
9908	5
952	8
84456	28
10324	315
1080	1
254170	14
8666	49
1123	87
56923	329
54555	260
57592	7
100289678	330
81858	1
493856	1
255488	2
7707	7
90268	1
283742	331
2042	8
10294	24
23218	160
27085	5
117178	203
79759	5
8087	5
11315	7
5588	8
203523	332
694	7
3693	8
6664	7
6469	190
200424	7
91526	40
8667	49
3797	1
2040	297
59269	1
23761	83
65263	4
100130086	127
9320	2
3229	7
80221	287
81628	4
2593	49
64109	8
607	7
29882	149
23654	1
26100	1
254863	333
3140	214
2104	7
10007	334
100131997	4
4722	17
8933	335
28965	1
6387	10
977	8
55798	1
6456	8
28511	14
4644	1
6329	1
6100	14
80700	2
6303	5
93594	203
10922	4
613	8
84188	315
9535	336
7263	195
51347	1
57134	7
53833	95
10870	280
4694	14
912	8
10282	69
962	8
26051	4
9966	338
93973	311
1967	49
284695	14
238	8
25976	5
55199	5
10265	5
3426	8
80237	14
26249	1
25853	9
126433	2
10455	296
51291	4
10625	14
5330	1
54891	311
9112	7
2815	10
3028	10
7733	4
9901	8
79176	2
23090	7
440023	4
4257	341
79884	5
10121	53
717	82
124540	24
399694	8
57862	4
5007	147
140690	7
5531	20
25851	1
50852	8
29894	14
55764	342
6242	1
84725	211
118429	10
58498	1
775	1
26047	1
5691	2
283385	1
28956	343
55738	1
10486	8
4360	5
5970	7
60496	345
4082	1
7122	346
8535	7
55623	347
220136	4
51024	1
7350	348
1535	1
55813	4
54790	9
3918	10
6809	204
11230	349
55454	65
9088	5
4968	5
90423	102
527	350
5047	5
26233	2
3872	8
57639	4
81622	351
6609	5
2	10
2557	1
8832	8
5707	2
2563	246
11346	8
116173	287
83706	108
637	1
2944	353
5001	5
7813	21
1630	49
9796	14
9391	410
114818	112
8019	5
3804	8
23051	7
55835	345
23215	1
51667	2
4053	10
220042	24
151613	14
7054	1
80196	14
55007	135
498	163
6239	7
79720	8
3811	131
55209	4
9862	7
5549	10
2596	8
644	1
84100	354
55696	14
25927	355
10049	24
126074	356
115650	1
79607	135
9638	5
55561	1
11282	1
6182	97
9377	357
7520	5
4066	7
54455	2
7112	5
5737	339
113655	275
26007	1
84433	1
2770	1
23166	358
4609	7
25828	4
9092	14
8717	1
56888	359
5271	10
515	163
123879	9
80789	14
8550	1
27113	1
79369	49
26054	7
4131	1
2110	360
901	20
5511	14
94103	361
10189	14
2159	10
339834	4
54832	57
9111	8
2358	10
9379	1
55816	8
6635	14
6778	7
389677	1
85366	115
729	2
5709	2
8493	5
4691	49
4687	8
6612	7
4666	5
7704	7
6478	7
55293	8
201965	4
8788	362
84317	363
9618	1
23424	5
50855	1
8463	364
196549	5
4878	7
10296	365
1111	5
60313	70
1791	5
81608	14
1528	366
25825	184
3738	1
4762	7
79019	21
57459	7
23208	369
8356	7
51477	20
171482	7
3213	7
582	35
7009	1
55909	8
4852	370
2220	10
23046	124
1804	232
5152	14
6155	49
56913	371
794	20
4435	7
84720	141
8074	174
494115	14
7494	7
84520	14
5142	115
5450	7
341405	372
196513	14
23184	150
2039	8
6999	4
7409	8
1975	49
9138	1
79077	4
58526	119
5504	1
4752	8
3398	7
1588	72
54762	8
1565	373
1677	5
9810	5
7465	5
5771	8
130507	5
7155	7
9454	1
51225	8
90525	8
7106	8
246175	112
55222	32
54904	5
54887	5
1432	1
51720	5
79027	4
22905	58
23192	1
10905	7
5049	14
91304	433
56253	375
64699	49
7372	376
6366	56
9805	200
677	1
685	8
64798	1
27231	5
9466	377
51430	10
55832	9
5297	8
23788	7
7766	4
27304	378
51230	7
3899	14
9524	216
23428	379
8880	14
22889	14
27180	10
94032	1
30837	8
1193	120
8602	7
6531	8
1266	523
7030	7
4548	380
9620	381
1482	7
100533105	8
9100	5
51393	383
57464	20
7593	4
5187	181
53637	1
54557	384
79707	298
23092	1
5682	2
7476	385
23635	7
3990	64
379	5
140901	7
55288	24
23012	250
1365	346
6139	49
51633	2
147912	386
6725	8
5054	10
3060	387
7940	388
79886	5
9203	7
4580	559
10945	211
80011	2
4935	390
27289	8
91703	391
3339	10
11006	8
668	8
11266	4
8546	110
55122	4
23683	14
7461	21
399947	4
80227	2
8446	14
8692	8
2864	1
10413	1
100131439	392
7024	7
6511	5
23484	328
79132	112
80746	274
81888	4
375484	20
2033	7
9960	1
2652	14
4976	1
6283	221
8795	1
84700	2
5191	393
79796	5
23109	8
9900	10
5889	356
23560	49
23390	148
4017	7
192669	112
10125	172
348303	4
285180	21
56984	2
53938	14
3360	8
2010	14
10632	163
3111	8
283643	24
79893	5
246778	377
55671	394
401190	395
9015	5
23326	7
57586	169
26005	203
23495	1
257000	49
133522	7
84930	5
55860	53
54998	2
57511	123
1510	10
55329	70
2436	7
840	1
84283	299
54478	4
2268	8
9498	240
6382	10
699	21
8508	1
83897	4
3566	8
10773	7
79892	5
1019	5
93426	16
868	8
55851	396
10068	397
196441	4
27075	303
123	398
79695	399
27035	1
171546	361
3485	23
1233	56
5806	10
837	1
8195	20
79684	20
400	268
163732	7
80705	4
65259	7
1859	24
11316	211
2005	7
64864	7
10084	4
10219	328
245711	5
999	8
4286	7
57820	2
4990	4
55530	303
4486	8
2559	246
55317	400
9392	39
79834	8
2077	7
9040	9
55857	67
51107	396
57794	14
4084	7
9961	5
3663	7
337960	4
79791	2
9947	401
55906	4
8815	7
2182	402
9330	403
5159	8
10456	264
6775	8
9798	404
92856	405
4509	163
1339	217
27	8
146223	406
3957	20
5725	14
4784	7
1894	21
3428	7
10844	86
23286	374
8541	165
64651	1
4931	49
142	7
8890	49
4946	2
219988	14
5097	192
10330	129
9746	407
3240	8
55182	5
64858	2
81839	7
23300	5
1436	8
89885	214
11284	5
3710	71
51399	120
9948	208
5829	8
22884	70
57215	7
51669	4
4045	232
11067	4
85451	5
55723	7
8505	1
80162	7
8819	7
114928	1
127343	7
7515	5
25764	408
30849	237
6507	1
6866	5
149233	409
3553	94
54466	49
3746	1
1176	110
9066	204
6523	24
51439	2
9444	14
54520	67
9085	5
1271	8
9918	412
29956	248
285596	4
3815	8
728642	24
79837	8
5455	7
6576	49
57821	1
79174	417
22938	14
27316	14
1378	8
6121	413
22887	7
83539	1
6683	229
151188	354
506	163
4734	8
7851	414
348487	4
5260	1
386684	4
3903	8
10988	1
115416	222
84878	7
2187	72
689	5
146279	8
27102	24
2100	7
25837	355
160140	7
57551	20
414301	415
23779	8
196477	4
27095	120
11146	24
84034	290
55072	1
10948	147
4685	232
6625	14
3822	416
6291	10
5480	44
1000	8
3301	24
3845	1
9867	115
26353	7
1514	10
4802	7
4092	7
63908	204
414060	59
2251	174
81493	172
55717	14
10067	8
84065	225
54920	29
54532	9
149473	4
255426	8
3718	8
64847	17
1063	21
199692	4
8793	1
55775	5
306	5
4040	1
10813	5
6633	14
5592	1
4034	4
7551	330
79177	21
55593	5
9132	1
11269	14
113026	7
81555	418
5968	382
11319	14
85013	8
8342	5
3099	453
6620	1
4336	4
57187	14
63943	24
9409	224
6558	78
25776	24
51427	7
51514	9
339345	11
9246	2
3419	465
83891	24
6341	5
27284	48
117	1
127833	1
80108	4
84976	190
9994	1
171017	14
4193	5
359948	7
9242	7
3386	8
4808	4
25839	123
57132	222
93343	8
5094	14
56926	420
10529	8
8443	421
373	4
51246	5
575	8
11335	7
54708	1
4016	10
27019	21
53832	95
3798	24
91977	16
6539	1
6782	24
8289	7
54994	365
2961	14
2051	8
1153	14
388677	422
200504	392
64429	488
4915	8
2257	1
92129	4
10252	4
222389	4
23760	7
148170	265
26017	423
9929	4
4284	1
4688	1
2822	307
55970	42
4780	7
5452	7
2147	10
10420	208
8507	5
29761	7
51156	10
3363	1
54332	20
7919	14
5283	424
6606	14
10795	7
84282	425
79991	7
6160	49
54625	499
2977	1
80155	408
116444	1
8292	501
3164	7
8874	8
5979	8
7031	392
5478	5
10210	7
463	7
79693	5
22955	73
1893	10
55170	7
8862	426
2801	4
219333	344
8536	1
3708	1
8693	8
7184	10
10623	14
4892	8
6167	49
7404	5
4917	8
51330	1
3884	10
6279	5
128	7
1522	4
629	428
6695	10
54536	191
3082	10
22920	1
11144	5
1956	8
8895	29
2201	10
4778	7
5245	7
5763	5
3897	8
54212	172
1503	24
284058	4
6232	49
8339	356
128869	429
26088	184
9883	4
23082	7
2532	56
89927	271
56252	1
8106	14
23234	7
5500	1
56850	1
22827	14
57178	7
9046	8
4625	430
5364	8
192670	112
7078	10
3908	49
57587	149
11129	431
11248	169
9709	2
4038	432
55308	14
339855	1
2066	8
6780	49
53919	256
321	407
5858	10
53635	8
10419	14
81565	4
124402	49
64318	49
5987	4
9219	7
10478	224
55156	434
57666	73
5901	14
6233	49
1295	4
6804	204
4891	357
3818	10
10557	80
6742	7
729438	12
94025	308
22914	280
3821	416
5004	10
389119	4
2874	7
64919	7
57622	1
1104	14
6758	4
64332	8
3638	2
7159	1
8761	14
23468	7
6656	7
9904	5
9771	1
3570	8
23383	21
9641	1
10401	7
5886	2
22796	123
166614	5
8727	425
117854	2
5436	14
79618	4
154075	72
657	39
268	4
8802	390
10312	154
2056	8
219	49
338699	2
7462	8
6229	49
8260	408
339390	128
5877	437
5361	8
6881	7
116840	24
64795	365
54737	7
5140	1
55588	7
11128	14
51561	409
325	10
4606	16
23279	14
3516	7
10272	438
51289	439
8927	440
57135	259
1130	24
202559	14
586	7
4588	392
51686	2
27243	222
4839	49
8424	5
65005	97
49	441
81027	20
4000	14
79109	1
81501	2
2981	115
2688	8
51750	5
55867	288
744	442
644096	443
340542	444
650	39
1814	1
7267	192
7770	4
2116	445
55646	49
26271	5
140947	4
2323	8
2130	70
8784	1
8992	154
125115	4
340273	2
3831	24
2694	8
2213	8
54431	113
10907	14
145258	7
57486	84
339976	2
7957	79
9564	8
56937	8
6434	14
284451	8
653	39
91782	222
84174	8
114908	113
29893	7
221154	1
2145	7
9700	21
5564	242
9789	49
2287	7
10620	5
51128	14
160419	4
6016	7
8907	4
56915	108
114569	446
3091	7
90864	4
442868	2
57054	259
5597	1
10288	131
83755	4
10994	5
3768	1
79882	191
83394	8
23219	4
3151	1
5827	224
3627	56
9975	7
4171	5
5887	2
3927	4
64127	1
112869	7
5132	1
4832	337
9425	7
1369	447
1739	1
728505	7
3775	7
4288	1
57678	28
55204	148
6642	8
441518	335
114824	4
27183	222
23013	7
6895	14
391	8
671	10
5165	167
54892	412
3707	1
3482	184
81620	5
3182	14
1907	219
100287171	60
653048	73
79784	16
80781	10
275	24
4356	22
57547	4
151194	24
320	1
222229	5
84991	14
1070	449
124944	7
8233	14
51397	67
6391	450
1050	7
4670	14
79902	14
9516	8
51442	430
283431	21
53981	14
60412	191
55038	7
5602	1
3703	94
9670	7
6237	1
6142	49
79065	4
30815	6
5801	1
3376	29
54972	451
8928	7
10116	9
136371	24
55164	118
2997	79
5031	452
57103	453
9871	454
651	10
9244	455
51466	8
197	233
128312	7
84466	451
3092	58
64776	5
340784	617
4689	8
10921	14
23510	9
26000	1
9667	511
80824	1
55643	5
388531	395
440503	1
23534	14
8263	457
3651	7
2169	5
25827	10
9412	7
9053	8
653404	4
953	7
29994	7
84632	8
203562	246
6240	5
54540	628
55660	14
56160	318
10179	14
51530	2
23256	69
56919	372
84250	5
63978	4
653361	1
9363	4
57648	8
5530	1
6890	2
29802	8
8462	7
3300	49
190	7
84665	16
27068	137
1024	7
2099	7
9326	7
6041	128
22926	7
5306	8
6688	7
84619	4
5494	1
3558	8
8735	14
286077	24
79363	459
22941	1
3700	460
91452	5
171177	8
26986	49
81572	1
27145	2
54108	5
54784	4
7158	5
5699	2
1059	7
57478	5
65008	97
4010	7
3344	5
259173	59
29777	4
10942	461
29057	113
222894	7
26468	7
84735	462
567	131
9832	4
115752	108
10574	20
150368	59
51773	7
64601	38
7025	7
54469	2
55325	5
57554	8
26762	463
4807	7
7464	7
114884	27
342574	8
51513	7
9781	2
84315	38
253714	5
5074	1
64927	4
573	24
439	464
23557	282
6319	366
79888	5
84948	74
4338	378
6342	296
10489	14
1649	7
57542	9
3560	8
79698	9
5694	2
23269	73
28972	49
8837	1
135458	5
116832	49
84313	4
8475	10
286053	318
221662	4
11177	7
995	5
50649	1
84102	177
55540	660
55006	128
10949	14
3188	14
256646	7
126328	17
51335	14
84967	14
904	14
220108	14
1896	467
23552	14
285135	37
9562	8
55193	7
90353	468
4214	1
26515	469
4634	16
6707	277
11232	470
27040	8
197322	303
1429	471
7384	472
168667	39
84219	14
23162	1
2030	14
4799	14
55075	588
7780	473
10943	7
200030	24
79908	392
7988	330
54732	200
284307	7
55758	4
1420	471
27443	7
8614	14
29107	14
79612	408
27185	1
54923	8
10906	2
26355	24
9851	203
4513	357
661	14
5320	8
154313	4
23587	556
11168	7
140465	16
54860	414
81930	21
23214	8
10164	8
473	4
27339	14
7386	475
55781	49
6950	20
26524	1
3324	7
221504	4
26227	476
347733	20
7351	24
140460	9
57136	477
4324	10
162333	24
28969	478
493911	4
5229	1
4487	7
9351	256
170506	479
10621	14
41	297
118738	6
3237	7
51433	149
51661	44
958	1
23400	369
55068	4
10577	480
3475	7
8853	8
80335	7
6498	7
6017	33
80755	482
79868	4
57650	20
2804	483
2742	336
6236	1
199953	14
84957	61
100529261	1
6169	49
56944	5
11257	5
23523	7
1404	10
10766	112
55888	332
4296	1
23035	344
8382	484
199720	485
10494	20
55843	87
3226	149
54556	28
9672	8
11273	8
10475	1
79931	4
7514	14
8798	9
29896	14
9467	1
65095	49
10491	616
378464	22
153657	173
84766	4
6235	49
3709	71
93408	1
3439	8
170626	7
90678	1
2885	8
22934	4
65082	38
51421	4
10015	8
10085	8
2207	8
8647	264
152559	9
84529	7
9455	1
27036	8
3902	345
9402	8
127255	8
9416	14
10718	8
8326	1
350	10
64928	97
1990	10
57763	7
143098	1
1046	4
3646	49
2043	8
8045	1
27344	321
116986	1
138162	4
9441	7
6325	20
29931	7
64342	8
5663	1
55709	22
22850	7
100526832	7
3848	10
7433	1
5309	7
84904	4
6491	345
135112	7
196541	14
654483	49
11275	151
1501	8
23597	8
4611	7
4718	17
7481	4
8361	7
23471	49
2908	7
23140	5
10857	2
5277	629
6678	10
51130	14
4889	487
23161	1
146691	94
4683	5
116224	20
10664	7
6124	49
29928	469
1962	4
79754	160
9278	311
7373	10
1140	9
8970	704
913	131
22823	7
79090	120
170954	4
23064	5
23063	21
79004	1
10602	1
10842	1
4189	489
509	163
26610	556
5510	1
10565	115
10806	213
6944	28
10672	1
312	4
51605	490
7306	241
23194	21
4745	4
2618	491
11005	10
3195	20
10622	14
27151	56
1201	492
79710	8
81566	1
25948	9
79685	7
8477	452
6261	1
25909	14
6355	56
2355	7
142679	1
2572	4
10657	8
57555	1
7115	8
23592	7
7182	7
152185	203
55929	28
1021	5
7298	5
2535	0
64859	493
8555	5
6605	7
8460	30
8775	204
9355	7
92359	1
9869	5
51122	67
51028	8
6406	10
25816	4
26277	5
2589	8
9849	192
163702	152
26108	7
4792	1
9639	1
6161	49
3383	8
26871	14
217	5
55374	246
5900	1
5671	7
1793	8
1633	49
7027	5
94122	101
23020	14
5138	24
51069	97
3695	8
84962	8
84059	641
54970	24
51228	287
4697	17
9531	137
8720	1
55149	1
221458	275
114971	4
124925	8
28964	8
387032	332
29093	97
2923	496
100820829	1
9894	5
91584	8
8863	181
23408	5
92822	4
7589	332
87	8
7553	49
6263	1
79658	1
51133	14
55160	7
6843	204
54534	97
55041	4
54927	4
57545	203
84905	14
440603	364
29953	497
9209	7
3183	14
5201	201
7424	8
9063	7
3219	4
1743	167
11202	148
4626	16
50937	8
2690	8
57822	212
6241	5
6372	15
6616	204
22800	1
27161	112
65018	24
8085	7
2733	14
10483	454
9963	4
6440	65
8284	73
255928	4
55052	8
22822	4
51366	14
7162	1
9049	24
57188	4
55008	500
84726	4
4155	1
3694	10
2919	15
2677	10
7916	14
1329	4
1075	10
27329	8
51236	24
3642	7
55243	8
60489	1
113791	246
57223	394
2806	488
26057	73
81609	494
94005	429
127829	502
23710	1
8153	8
8773	204
359787	49
27156	4
4332	5
4695	17
57698	451
5090	7
91653	8
51343	5
4298	14
146	172
345	64
55839	21
54461	4
1401	8
9107	503
11016	7
26960	115
134111	7
5653	10
79230	7
5013	4
79802	8
22809	504
8036	1
23133	7
22924	21
29926	505
55252	7
57185	467
60598	24
100506627	53
7189	1
55201	1
5869	59
5822	506
5333	191
10458	8
731	507
138311	508
55707	58
54460	509
51019	4
6007	7
333	5
8725	14
55746	14
5890	356
6277	24
116369	21
5068	497
10249	5
7428	7
51255	2
23281	4
23025	440
283518	4
6509	284
8789	323
8399	510
5372	59
1060	21
84525	7
118924	14
159195	222
2264	174
10428	7
27292	137
6604	7
80332	133
1131	1
208	1
6010	1
8433	7
8527	650
57591	7
23555	5
6045	73
9819	14
2620	8
7037	8
9513	4
57502	1
2669	4
63935	14
83541	4
7099	479
163051	8
11344	511
2022	139
84859	250
4775	7
10178	8
51022	7
4713	17
83660	8
9232	5
1440	10
10451	8
7268	24
58524	4
25913	5
64778	1
6004	1
23367	24
29106	512
669	5
23517	108
359	115
55131	49
25893	179
27042	113
60312	1
51157	4
6159	49
5144	8
7036	513
23623	4
3320	24
7385	472
6733	14
92181	2
1811	256
5585	1
4731	17
4833	337
115704	4
22881	24
23335	514
5861	59
6909	7
4223	4
3295	515
4616	7
57176	8
6018	355
3745	516
64750	7
11093	10
7043	139
84270	1
29945	149
3664	8
5456	7
5327	10
64762	8
27134	180
84870	55
8881	149
1398	8
219541	7
80152	21
7993	2
819	136
60314	7
5239	172
246329	4
10631	10
5268	461
4200	1
2160	10
9068	8
358	4
100302652	8
9463	1
11068	5
5604	1
7290	7
25896	14
10370	7
80028	4
2035	8
2495	5
1849	1
54102	1
5396	7
116540	21
154865	4
23503	4
8936	8
7558	260
7125	16
5571	242
571	5
5313	10
5279	424
4322	10
29098	14
8495	165
26031	24
5290	8
2242	8
387755	1
27132	4
91445	2
11119	392
79705	1
54471	1
9271	519
5331	1
54434	208
63920	4
9340	10
22824	24
821	8
390	8
1617	259
338692	133
89849	1
3375	143
54514	305
9255	29
597	1
10998	1
5378	5
84832	4
8777	1
30968	303
57597	5
9262	1
51127	2
126393	137
1737	167
64854	344
155382	8
182	88
64784	345
5507	79
9507	10
241	341
965	24
22870	40
147040	9
6934	7
10135	522
201176	8
1001	8
130497	7
169522	62
9643	28
5891	7
6146	49
8985	4
54881	298
56997	4
6477	7
48	2
404672	14
9997	20
23126	7
3207	7
10608	7
10712	14
101060521	14
10482	14
55173	427
79023	14
55290	14
7272	20
3576	10
55800	8
81929	14
137492	8
51691	14
23230	57
3488	10
64106	370
55236	2
22878	120
10427	454
64788	524
93986	19
5127	24
84440	103
186	1
2650	525
80020	2
55607	1
253260	1
3066	7
9873	4
55023	9
4128	49
5921	8
9054	643
11135	4
558	8
10775	80
29978	2
8771	338
84321	14
6557	78
132	526
1136	301
50945	4
1013	8
60482	1
57037	24
22943	527
83737	8
56940	1
26130	24
7247	436
55166	21
2103	24
26285	528
257169	1
6049	7
11325	14
22845	467
5021	47
9989	20
149461	529
84223	382
5465	7
56922	530
716	10
5696	2
11097	14
4774	7
10893	531
3093	2
10096	117
6672	7
80007	260
220004	1
10681	42
4261	7
80817	4
6416	1
79643	222
10371	8
1738	167
10426	86
3329	20
55500	246
56676	7
10257	494
9413	137
10953	24
4049	1
3064	7
1106	4
1675	50
1984	49
3783	1
55773	442
79839	4
23	49
55793	14
5697	487
7471	1
93659	239
6184	49
170572	532
1496	7
3939	220
257194	480
126375	4
26148	7
2521	14
54822	1
171024	1
22836	5
6048	2
6713	3
9252	7
2875	8
23228	8
84067	4
4283	56
50848	1
396	8
4856	10
2878	5
633	10
51666	9
10097	117
8548	4
9858	266
11334	4
7529	24
50856	8
9742	342
4653	10
22866	1
10253	8
221656	7
10721	14
27033	7
6814	14
3604	1
9419	1
1232	56
25977	58
56893	133
79012	14
23216	24
3384	8
2686	533
641	5
27257	14
4052	10
58191	534
4901	535
5538	536
6662	7
63924	348
7456	8
9704	5
23647	8
5023	234
131377	537
550	2
51081	49
5931	7
4585	538
55844	20
199834	4
55553	7
57690	112
80010	5
65264	2
55861	24
487	539
65125	1
8796	4
5286	8
9903	9
27164	7
10432	14
221120	540
1855	7
79623	371
10686	529
9429	5
3658	410
9650	5
126272	7
10211	8
824	1
1877	7
9338	5
23149	7
7536	14
1018	5
3866	4
54968	73
28513	568
1301	8
526	154
474344	1
4512	217
7045	10
1145	270
6204	49
286451	541
84133	55
7750	7
79699	9
1264	16
8530	10
2049	8
1847	1
8822	174
57642	4
10912	5
11167	39
51068	63
547	7
23657	8
1910	1
8332	7
54680	7
3579	1
4302	7
29085	368
3736	1
55030	87
6497	7
7329	7
2821	499
51402	6
10956	2
783	24
80233	72
80185	5
2590	177
254225	2
6697	1
10469	254
201626	2
29080	7
276	399
3914	10
3416	23
7018	23
27030	5
23019	112
282969	211
627	542
5817	473
6602	7
84166	1
8224	1
139105	6
9344	20
6698	8
23567	14
51710	5
10884	97
55859	656
5791	8
23678	1
580	5
80279	677
523	154
155368	8
10468	39
115572	4
90673	79
2215	543
7799	5
624	1
84446	5
83696	120
6608	190
8554	7
9083	2
6846	544
83992	20
5037	1
1039	28
51663	14
1668	10
5073	14
96459	5
10018	1
23682	7
92002	545
4830	337
2017	8
28998	97
376497	413
28970	160
5311	16
92840	4
4300	14
6582	7
5966	7
7763	1
27350	14
406884	14
127733	546
5130	1
4604	16
112714	201
115827	313
1470	4
339965	4
63826	2
54985	5
5955	547
4101	5
51510	222
730	548
1026	5
338	64
147339	7
84944	14
348235	21
1238	56
57519	549
114034	14
1047	322
1207	14
53905	43
91392	1
2995	496
54704	187
57658	1
2222	550
23017	1
2976	403
130013	113
9093	8
921	8
3133	416
10512	8
29767	16
84301	137
11083	14
353497	5
84142	5
1991	10
30061	551
81624	8
55714	7
6652	723
7332	2
84236	2
54331	1
80117	306
5244	264
2561	1
4773	7
23677	8
51097	7
9315	5
9767	113
84464	5
7466	7
8192	552
7862	7
51074	4
55742	495
84330	4
55622	87
65267	1
29979	246
3170	7
51378	8
6435	553
55638	282
23005	4
50624	8
3912	10
4600	128
79370	1
9600	27
79901	204
386678	4
9637	5
1655	14
11321	14
4824	7
6638	14
3792	219
6870	684
50944	1
149041	112
3766	1
64324	7
9371	1
1901	1
9181	24
374659	8
56061	2
375757	555
2916	1
79980	21
116113	19
122786	24
90379	9
2150	10
993	5
1879	7
81551	260
5875	59
2764	1
1411	471
80331	1
2746	488
54859	556
163882	1
79987	7
8818	557
83931	9
8324	1
5329	8
5481	24
284208	22
5458	7
131034	8
353144	4
5413	265
151648	21
11197	385
23588	9
55022	432
56254	5
4050	1
5033	8
490	1
92815	4
6521	8
80895	20
2909	8
7128	1
6792	7
6428	14
51009	2
388962	564
27122	133
9681	176
54857	14
2810	24
2286	382
6773	128
4582	8
1647	7
84678	73
79465	280
81847	5
57111	103
53632	79
56924	1
54962	5
8883	9
50650	4
5077	7
23520	5
28512	87
51059	148
7369	10
9674	4
722	10
10538	7
4841	14
8050	167
54830	14
1468	4
4071	24
3660	7
83547	59
4524	14
10042	1
7101	7
203228	49
2736	115
283871	73
7277	20
84960	5
7132	1
9324	7
4719	17
6029	14
60485	1
27044	14
50488	1
51046	669
7006	8
84465	4
55794	97
3620	368
3809	166
344	524
10651	559
90226	51
10933	28
134430	506
27072	38
7840	104
24144	4
7072	4
706	560
5826	5
85379	53
7079	10
5451	7
7804	1
10981	59
347	561
246243	5
8681	245
892	7
3973	1
6398	8
10868	5
23108	24
7109	120
838	1
107	115
1527	8
54934	4
220064	562
23512	7
29070	260
55591	36
9517	361
51320	112
83861	696
8745	232
2335	10
7434	4
7016	52
51566	260
25793	2
55697	160
6504	8
2825	30
3050	7
203259	5
38	187
6444	563
132954	24
79444	1
339231	4
2073	5
284131	215
1803	56
8721	7
9141	5
9896	160
10783	4
5714	2
55585	24
3270	210
10464	203
79159	5
5636	215
51639	14
8974	10
1038	565
59274	1
3875	1
8624	2
9001	260
7258	158
100533181	122
6205	49
5335	8
84767	113
55144	108
820	10
159296	7
5641	5
163	58
11051	14
79733	5
58497	337
9464	7
25805	39
29952	108
342977	112
93663	108
119504	149
5126	566
2167	8
115817	4
54433	14
10802	454
55745	400
8740	1
2747	8
54475	70
5917	29
8028	14
56672	9
5971	7
11103	144
857	1
10570	286
8705	14
4881	100
84056	4
28987	49
9726	4
5910	1
55135	20
224	2
284252	4
92335	78
201973	5
2982	261
10663	534
9070	7
57001	162
5795	8
54826	14
1981	49
84307	332
23513	8
25763	7
5595	1
6002	1
1642	9
10236	14
7273	16
348801	8
55663	332
89796	4
653583	5
154796	1
100	8
5789	165
384	448
3430	128
353142	5
26024	14
2776	1
54836	256
2308	7
51101	12
57663	5
886	209
220686	275
3674	10
10250	14
3484	23
27248	2
5460	7
5442	567
58473	87
79676	5
9136	506
57048	4
1004	568
7201	569
9857	203
10687	4
11030	4
84901	7
54554	7
6628	14
27340	266
4225	10
10301	5
3005	5
10016	8
8208	7
10245	254
10277	2
65988	119
6199	1
149951	67
4681	382
3652	1
6614	8
6927	7
11031	22
342184	14
120	1
7474	0
6397	8
140710	436
27077	108
84069	1
3045	291
7818	7
9400	5
270	8
1933	7
50805	7
79188	550
7533	24
5020	47
123283	49
4893	1
3071	1
6997	39
5025	4
51234	327
24140	570
5154	10
4599	71
5961	571
4610	7
85481	24
26235	2
332	21
2719	253
22854	572
55526	167
307	573
27258	14
522	163
56475	299
10537	2
23529	455
79003	21
57634	28
26278	574
6711	8
80304	28
10762	14
2783	42
5745	256
54843	169
51388	32
135250	280
534	154
288	1
117157	8
5589	496
833	5
5775	5
55012	203
1361	10
9448	1
56906	4
116987	261
89858	8
1282	10
25830	5
22872	8
85015	16
55589	58
100288797	4
56899	1
23598	7
3445	8
55105	7
201456	2
3852	4
10307	5
6550	1
56648	4
22803	49
2114	7
9967	14
5627	10
5985	5
6014	8
81610	24
27245	6
7076	10
84936	575
7205	4
10014	7
2969	7
204	245
64006	7
128240	561
100506742	227
7023	7
90523	14
9623	1
6601	7
4117	5
285753	4
10874	329
22913	14
9238	4
6894	1
113091	289
79706	113
309	221
84245	192
84498	1
353132	4
259	10
1645	576
9581	14
1728	24
5949	7
10239	110
139170	8
1382	177
4494	245
9546	1
6623	1
4069	10
8349	7
2219	10
2312	577
22883	5
1758	8
5738	8
63940	1
64101	572
11249	169
727764	1
242	4
23352	2
90060	4
11343	511
3281	4
10959	200
1889	219
90070	10
54458	4
4711	17
3209	7
9129	14
359845	368
27335	49
6709	8
84993	2
57602	372
57337	7
55846	578
165679	361
80829	5
30844	186
4345	161
79142	1
6484	8
23480	49
2021	24
10225	473
79948	382
4295	579
6856	204
4701	549
5437	14
6897	49
4090	7
165918	2
399979	1
361	7
56288	1
55815	436
3217	7
286826	5
4046	39
5830	296
9861	2
119392	555
81606	471
8711	24
5433	14
9397	1
7767	14
64121	343
83938	14
1144	270
6311	8
10966	9
6480	8
27430	580
6942	7
57130	303
7358	458
8575	5
5609	1
259217	24
8991	5
10769	1
10567	4
54802	24
2001	133
22992	7
1912	73
143689	112
1285	10
2932	1
55174	14
80128	458
7222	71
25917	347
3556	94
157773	4
2060	58
8829	8
9360	14
166336	7
8915	1
2889	8
152006	2
5743	7
51199	7
58538	14
8464	7
55024	71
220002	2
55651	118
83658	179
28955	581
10743	582
55966	7
3916	58
200558	5
57396	431
7064	108
5000	5
7322	2
10969	49
3002	1
89	8
2812	1
5720	2
4488	7
83659	4
23466	73
4843	1
143888	207
26009	7
225689	8
6901	24
7319	5
8792	1
9143	303
283489	7
7936	14
2665	59
51645	14
9462	24
91647	4
1852	1
7403	7
54951	67
331	1
7447	4
55810	267
23368	1
3572	8
1903	1
6674	1
221687	350
8562	584
10659	14
3812	131
664	1
30008	4
25979	7
90411	10
51760	4
79024	246
4313	10
91949	123
9140	1
10005	296
728071	24
10001	7
51277	7
4293	24
3952	8
3623	39
5149	1
197131	5
7134	16
59349	4
81556	14
5209	49
4123	108
829	8
8976	8
1959	7
53942	5
9965	174
9787	5
676	5
8851	8
11277	5
10269	137
29986	285
7702	7
8675	204
9133	5
2175	72
54543	130
63827	10
56157	256
11140	24
3303	24
1045	7
3788	214
6955	8
1942	8
166979	4
51382	154
23152	7
10126	58
2316	1
3764	220
23244	21
90390	7
7316	2
11222	97
6157	49
22980	1
2081	1
29925	505
9274	7
3489	23
54880	73
11076	5
7857	133
90655	4
2841	56
55856	586
199745	5
4239	587
10181	14
1673	278
9411	1
1946	8
222484	8
1965	49
171568	14
140462	14
4704	17
5269	10
2862	579
23509	88
8867	8
5424	5
1506	10
5493	1
23764	7
214	8
81890	5
64718	1
51237	1
23433	1
57498	8
760	240
7087	8
6143	49
94	39
10735	21
5166	167
51138	9
114907	461
51016	327
1394	1
49855	588
7737	14
3008	7
89953	24
1452	24
2071	14
55210	20
996	149
23318	4
8833	20
1641	4
11117	290
65003	97
8804	5
9844	8
6654	8
340359	4
53347	8
5266	277
367	7
65109	14
151871	4
51728	14
1627	8
599	1
10053	58
7015	5
8270	14
83932	5
8428	20
4237	10
1113	512
123920	8
117584	24
5547	207
5228	8
2905	1
9931	24
2168	7
100128327	120
3803	166
29959	4
3266	8
5681	24
57326	4
51060	384
7142	7
5802	5
283638	203
64843	589
6352	56
9500	4
54583	7
3070	7
5607	1
23355	38
5376	590
11326	8
4926	5
28971	137
4607	16
25818	591
1953	4
84733	73
7745	4
6251	495
5690	2
23643	479
6123	49
1439	8
5048	21
5880	1
10972	200
29066	10
6553	1
55818	445
90293	9
137964	4
94086	179
23607	8
30012	5
1854	7
4209	7
79957	303
5257	741
51562	4
6351	56
1290	10
28984	21
4438	5
10363	7
3846	4
55670	583
6125	49
2249	174
286887	4
50604	95
80351	8
85362	14
5687	2
63941	407
2649	42
54205	645
54960	14
10424	14
254394	5
5295	8
152137	1
4605	5
170591	221
9682	7
84342	123
4139	20
29855	7
7075	8
23181	39
6336	67
84779	408
112744	593
64708	9
4190	594
65108	53
54542	2
5582	1
55975	9
65989	4
79143	351
55600	185
23594	5
23633	14
4157	20
28985	584
9110	7
25841	9
57571	125
64746	483
10156	477
24148	14
6759	7
57819	14
79899	1
5948	596
1996	14
55831	327
2235	20
1876	73
221830	14
260425	8
55353	8
2053	260
51100	8
5434	14
8841	7
3134	131
4942	133
5686	2
323	7
26063	296
414157	4
4982	10
1296	4
5649	1
3174	7
84541	9
158427	4
9612	7
3682	8
596	1
125150	356
54760	23
4355	1
136227	114
4665	4
85376	4
57147	4
11244	5
26156	49
63976	1
51617	5
5475	1
51061	43
3359	532
55619	113
3400	7
4952	59
7148	8
5913	8
8878	1
128977	4
9318	9
22918	10
338567	87
5349	7
161582	24
57534	1
7568	4
5055	10
9690	2
23113	2
3614	599
7410	8
11147	8
11189	5
784	1
79641	9
22801	8
11331	7
23132	7
10481	7
6464	8
2631	1
159119	269
432395	10
4534	116
954	204
115677	8
23060	6
160622	1
7004	4
400961	49
4791	7
84992	629
25900	606
55823	38
123169	14
4149	7
117579	439
729873	184
9729	4
2177	5
3554	94
23660	7
3458	8
64061	5
1390	7
114769	1
51538	4
51176	7
131474	469
25	8
6400	2
26585	39
5091	326
57659	7
548644	14
10818	8
80153	24
55191	24
7088	5
1314	211
55631	24
23410	5
4886	600
252884	332
56270	546
55125	104
57514	1
27332	4
3013	5
10771	7
26091	500
3032	16
3672	8
4168	8
3148	7
8503	8
84254	1
10579	7
266743	7
55720	49
3612	601
9499	1
10480	49
2617	602
54606	49
64754	24
1511	10
22890	7
55669	1
65009	4
1871	5
80323	4
10195	603
5575	115
4543	1
4781	7
134266	254
1180	275
6447	566
2554	1
10146	8
1821	172
185	1
26261	337
835	1
5276	246
124912	325
4113	7
7039	8
59339	1
283899	311
7781	110
23539	489
79863	287
2244	10
2551	7
4983	1
3565	8
84950	14
4105	4
83715	8
5883	5
64785	5
324	20
9652	14
6768	10
5118	10
146849	4
415	433
5355	1
57724	192
56241	8
23316	7
57333	658
58528	343
153129	343
6203	49
10901	296
342945	332
6714	8
51116	427
6198	1
152926	604
164592	4
2934	8
8125	7
51699	252
10155	7
80342	20
23198	2
2971	14
171023	7
5316	7
55715	8
466	7
65059	8
55920	21
5016	340
5790	49
9655	8
631	681
58157	1
84134	130
553115	4
138065	606
11184	8
302	1
56342	49
4215	1
29895	1
6328	10
10220	607
9716	14
80204	9
7266	24
89780	1
10395	8
4234	446
1237	30
9833	5
64145	186
1816	1
9306	8
3857	608
1292	159
6133	49
1288	10
3801	4
51596	1
22853	1
5143	1
2829	544
9440	7
83447	148
57126	245
3753	1
7453	609
4868	8
149069	4
5733	610
932	5
10902	28
5929	7
54474	4
9815	8
4014	277
57489	611
259230	6
3824	416
4175	5
5670	7
51053	5
84311	97
4103	74
10661	7
28992	5
10652	69
221037	7
55814	4
6176	49
5998	1
9472	115
3069	14
249	1
284352	1
9045	49
137075	528
8601	4
51364	565
64083	525
2691	613
157570	21
55108	73
64396	614
3459	8
10558	361
199	523
79048	7
392255	39
11274	128
3597	8
4650	115
9087	70
6596	5
85359	4
84978	8
29997	5
57449	4
26578	14
55198	59
375686	20
212	4
201163	5
9218	147
10459	7
51744	8
5537	40
4316	10
203245	14
2887	8
23026	1
1983	49
51668	592
10313	4
6645	172
10149	8
7283	20
5933	5
23386	7
1525	615
122011	8
5770	8
85403	14
54921	5
24145	554
23708	49
83990	5
389941	616
10133	1
51090	414
1742	1
1437	8
9354	2
55200	4
6170	49
10741	5
9595	8
55213	9
55855	333
2627	7
64975	97
3514	543
25949	4
3972	1
10892	1
2553	7
317649	128
2246	174
26058	4
4204	7
56963	368
4795	14
84680	4
60401	1
919	8
832	8
65975	24
11007	4
1236	56
645	1
9033	16
10325	343
27111	4
501	5
11160	2
3631	8
11151	8
51218	564
130617	2
84941	8
6487	238
1385	7
89797	618
2931	1
353145	4
10755	1
5545	145
4201	58
51601	5
1345	357
3985	208
1350	357
6515	483
85450	1
1287	10
23235	20
2781	1
4771	8
1355	492
121441	20
4162	8
59345	42
386675	4
239	8
10923	7
381	8
26064	24
134728	1
80344	9
79836	7
10263	609
5261	619
23065	327
10309	5
79711	7
23024	309
8563	14
8576	4
285	8
79890	59
9043	1
30816	284
11216	115
57716	172
8570	14
80333	1
57488	621
126961	7
64743	87
57019	4
90624	162
154064	280
7764	7
8451	9
29911	4
25940	331
10052	180
57689	572
115352	8
93664	542
5174	288
826	5
91319	10
5573	115
2206	8
7320	5
26015	14
3059	8
10430	622
4904	14
23609	2
10300	179
8732	14
27141	348
226	10
4939	128
162699	14
25942	7
92714	8
134359	449
63973	7
1602	7
5208	1
54869	8
3155	623
8558	545
152273	7
2826	56
51759	14
687	7
51010	108
79171	14
914	8
8726	7
79602	624
161436	5
56673	70
10134	1
11190	20
643	56
80349	14
51426	5
4008	24
54793	4
9927	1
8514	1
5430	14
957	1
11170	4
23185	8
64800	7
64130	1
496	204
2332	4
6882	7
4547	64
2151	585
79807	7
4698	17
10527	49
23243	40
116154	5
1234	56
1674	16
79735	1
92610	4
23767	8
3601	8
255919	625
29101	21
140679	204
23059	106
9147	626
10675	1
54949	260
81502	7
2197	49
28981	627
85445	1
4760	7
23293	49
7572	5
3805	479
56655	5
54457	14
55090	7
4012	8
4319	10
8906	184
9020	1
721	82
4342	4
5624	10
494470	2
83860	7
1052	7
8449	14
283869	682
23358	9
150372	8
1819	13
1719	5
202333	282
3667	8
3605	593
2191	8
6872	7
2847	600
9949	4
81607	612
5591	5
11329	250
301	1
25983	5
9686	7
29903	5
23521	49
91522	145
7783	441
6499	108
3090	7
8820	7
10581	109
63932	14
545	5
2288	24
84795	275
55437	1
1007	568
140885	8
54799	28
9826	1
23002	4
57521	1
56667	371
8916	2
23649	5
10814	204
10289	49
1666	5
1299	10
2273	7
8904	8
1479	14
7077	10
54882	631
401388	2
9131	24
29088	97
3645	8
55679	20
56729	14
51755	14
54487	14
5864	313
10971	24
65251	7
84271	5
5104	10
84331	5
3550	14
642273	24
79873	4
254359	7
3221	5
51374	4
10885	632
6732	14
51265	4
10128	7
55755	86
22978	4
1414	263
79832	267
10484	454
388407	1
100124700	6
6813	14
10410	522
84337	633
7278	8
11260	14
170680	277
445	5
51233	4
55181	49
382	8
894	5
51548	5
254187	4
5911	1
347862	1
26354	49
22903	8
27089	472
100996763	4
9353	198
4068	8
23102	1
2848	634
2959	7
3796	21
4758	724
57338	7
9370	624
64772	325
55716	635
10552	117
11055	441
84872	4
218	2
54812	184
2261	174
3346	14
10598	24
6565	288
57718	20
891	5
27012	636
116448	8
51460	73
10803	56
55188	1
284391	4
948	8
163688	1
80714	4
23087	1
56996	14
200523	4
29775	1
27288	14
80306	7
80325	7
29984	87
7020	7
29920	7
1559	373
92797	5
11153	7
6185	49
10094	117
1066	637
56267	437
386681	4
26298	5
51256	4
10412	49
3371	10
5693	2
10526	112
2731	457
5805	638
9208	7
9590	1
4987	1
84934	4
25936	21
64397	7
220972	94
4627	16
9662	203
5957	1
1399	8
23640	24
55656	14
4094	7
1027	5
4146	10
881	8
317762	1
6876	8
7746	576
11075	1
56882	1
80086	1
3661	7
57541	4
10327	108
27124	4
2018	49
64446	1
127002	20
8458	7
118788	8
5605	1
11033	1
51285	7
83692	246
23276	9
8405	7
9543	108
5754	7
10417	4
9547	8
6441	587
6621	14
27097	7
22954	2
51735	1
79073	471
91752	6
793	1
387338	1
79660	79
7019	567
51678	108
55907	8
55964	5
57403	59
51379	4
6789	1
2069	8
90410	4
2633	128
8220	14
30848	246
1601	1
51534	4
150472	112
151903	14
4258	50
11330	640
6150	97
27295	16
9313	10
130951	7
3537	44
54518	8
84264	7
55040	58
2139	4
51083	521
6403	8
80199	459
26191	8
79937	1
3761	1
57472	112
23091	7
5116	86
7414	8
3752	77
5731	610
55013	7
267020	163
56945	710
51585	14
2567	1
7323	2
6874	7
57192	711
124590	641
830	53
4150	7
6637	14
22891	21
3948	5
84306	7
26525	7
8241	14
55120	72
1824	591
1241	1
1410	471
654364	337
84527	4
3479	23
4973	20
285782	442
517	163
23787	1
1845	8
55291	40
25847	149
144100	8
9079	7
80709	14
23231	20
408050	420
54101	1
3800	24
150771	44
80263	8
1678	8
7374	5
9094	5
51042	59
23237	479
27301	4
64782	639
5586	1
3611	20
151112	113
9275	4
23412	67
6655	8
4863	7
9175	1
80851	24
399664	1
10944	10
10076	1
3755	516
27101	24
1082	239
5932	5
3683	8
8115	4
25802	8
4357	643
5657	10
51365	1
55509	7
80273	254
2580	58
7048	7
4023	524
2671	9
9946	644
23746	24
8425	4
387	1
1364	346
5930	236
85369	20
11231	733
10733	5
9014	5
151742	1
3930	14
114327	4
333926	7
1672	278
11101	14
39	7
221016	410
55119	24
54	5
24137	21
3932	8
27127	21
4327	10
1869	5
2255	312
373156	645
2158	10
2831	228
79696	4
84864	7
254013	20
2646	646
116835	24
653509	1
5076	1
84103	9
19	1
79415	177
84812	2
90427	1
9337	112
10781	4
7041	8
117581	7
23193	496
8997	1
57576	183
25886	20
51103	17
7450	10
23053	6
8379	4
27440	245
1014	471
79923	205
148103	4
11183	8
84444	14
5710	2
6194	49
5757	5
56950	24
114897	4
219931	264
9375	68
283149	7
5991	7
7398	5
6013	648
6171	5
1105	14
378	103
10101	121
90	87
6567	649
133619	454
51360	7
81576	4
54815	7
57731	1
4552	380
26052	1
4174	5
5631	215
79172	21
1103	1
9099	4
5365	8
7867	1
55693	5
78992	2
401541	21
3628	5
389	1
93100	4
81554	132
4591	4
100996642	7
3161	5
284338	4
1951	588
92105	14
157855	231
29796	472
3018	5
116844	10
10342	8
4211	7
5194	393
196074	4
8567	1
1773	8
80380	251
7881	285
79084	14
6879	7
6505	349
7161	7
23474	5
116085	288
80270	4
924	8
4897	8
112483	87
140890	14
6926	7
126003	120
7784	325
3569	8
91875	1
30845	186
362	4
136991	8
5925	5
26260	2
10226	7
4647	36
135892	1
84839	7
54776	1
2895	1
2304	1
254827	634
8396	7
9117	214
58506	133
160851	650
23648	7
55998	14
54443	265
58480	8
4236	4
143684	4
53373	264
59350	648
9404	8
6141	49
56848	8
9260	4
23595	5
6144	49
55256	10
6865	684
7225	71
2624	7
8665	49
84898	1
9148	88
64218	463
6359	56
3613	601
7850	94
55266	651
284680	4
133746	5
9622	245
51390	5
240	8
23511	14
3906	471
9775	49
51300	105
1665	14
415116	1
79025	4
6517	315
64115	4
6399	120
167227	14
131890	1
64151	412
1493	8
7153	5
3455	8
84908	7
3512	8
51252	1
54552	4
64284	87
6760	7
140735	1
23396	8
4705	17
2911	1
9841	4
11098	1
1584	7
23392	2
84844	14
84705	652
5255	619
2181	402
7080	7
3214	7
8655	1
51588	7
3239	7
4943	1
54906	4
170463	7
3104	7
55917	20
78990	1
3562	8
23371	8
4649	631
221150	21
7681	4
9912	653
3084	8
3000	115
57154	7
9135	184
6646	324
84539	138
11074	2
51329	14
4089	7
57491	7
201516	7
2689	8
27314	7
51367	80
22797	7
9711	237
6223	49
3125	654
3980	5
55748	462
157777	5
30812	7
64860	275
1583	7
221895	28
55636	7
10392	1
6457	8
221527	1
715	10
1857	7
5553	1
26505	4
8649	343
4602	7
283459	655
11234	26
6590	10
10025	7
4975	656
684	128
84662	2
23309	7
167826	4
118460	108
5768	133
333932	7
81693	222
3481	23
55228	4
92344	5
639	7
6258	7
79101	5
146433	6
128308	97
29078	17
23043	8
55777	31
83640	4
1870	5
2520	598
90780	7
4118	657
2258	1
329	1
55127	108
134391	521
378708	21
4927	14
8801	390
135	8
5937	5
116442	148
1850	1
4107	444
7534	24
100134934	7
84923	2
5366	1
83463	7
84639	94
5298	24
2744	1
3021	7
667	4
2020	7
9990	78
8751	8
90933	4
5339	8
55661	49
5729	659
4087	7
51455	5
205147	20
1958	7
360	8
5347	21
4535	17
4905	204
10344	56
2539	137
57509	1
2538	7
84966	5
5567	115
64581	1
8431	7
4908	542
6344	1
11169	7
4597	75
53841	226
1749	7
4001	1
3105	8
10516	10
2635	1
6875	7
1944	8
163590	9
55690	184
118812	5
10123	133
5989	7
2894	1
10940	80
79968	5
114791	86
26268	2
652	39
4676	7
79035	493
167153	4
3225	5
659	39
4835	4
167691	203
114883	147
8839	23
346288	265
57418	298
63967	5
3727	7
6402	8
84656	7
8190	10
58985	661
11332	4
56977	24
53335	7
9220	5
4887	487
55337	4
165055	203
10445	311
337972	4
9158	174
1534	467
57673	5
10963	24
54541	24
56675	177
1763	5
8852	37
100462977	2
5645	10
2171	662
8887	1
943	1
145957	214
429	7
80142	339
219348	290
3118	8
25822	9
5787	8
112495	403
58487	7
283	8
949	288
3418	315
91851	39
581	1
55971	5
286827	202
55251	14
3730	10
1448	9
65981	150
5081	7
5356	14
2331	139
10207	1
23008	9
53340	663
23143	250
156	1
8439	8
2037	1
10730	1
55803	5
10879	246
340152	206
6659	7
6535	8
3397	7
90990	5
10627	1
8065	9
134492	14
4668	294
8290	7
1154	8
91442	72
114880	27
51386	49
4100	7
79885	14
51222	119
124535	5
4759	4
23566	1
1596	608
7301	8
3739	1
6383	10
138474	7
4306	7
55070	9
157638	5
51259	5
433	2
11059	7
4218	59
25956	454
2140	386
23313	24
54915	1
84707	4
51094	1
10274	21
10566	663
340719	1
9555	7
9755	1
2186	7
84279	536
1152	664
1143	301
28232	256
51098	546
197370	318
10311	67
23741	7
56649	299
153443	315
940	8
78986	1
5892	4
84441	7
947	8
55658	2
27244	665
79947	480
112401	1
440	602
117246	49
8352	7
26287	16
4122	1
728	1
64319	73
222068	200
93233	4
117247	21
84285	4
7786	1
1789	7
55667	5
9647	8
10890	265
5577	115
51013	108
5756	39
23158	1
284297	191
55806	7
951	8
2488	239
5471	491
7137	16
11235	20
85407	7
30836	7
946	8
84376	4
51284	94
5983	5
10040	8
10397	49
6617	666
344558	8
80067	9
5360	1
91056	4
83852	306
493	1
50810	7
388701	4
9282	7
23481	49
8651	8
1325	647
9950	59
7388	502
3456	8
3559	8
26520	469
10024	4
54512	108
3274	14
150572	667
285527	24
5662	336
11021	668
79137	5
89853	8
25937	24
64946	21
84630	8
84232	5
122706	2
55802	7
10460	7
1128	1
8078	2
1438	8
2157	10
85444	605
57482	53
57537	1
55229	1
55194	44
9212	21
3212	7
5936	14
10915	14
338657	14
26001	2
55930	53
90102	24
23435	14
22832	203
5780	204
6272	184
23576	2
5346	1
10600	5
84775	4
8533	9
8574	243
221	4
9839	7
3202	7
4496	153
100316904	7
9604	7
915	8
3200	454
6945	4
85465	70
654	39
121512	8
8703	5
10928	1
79686	1
1051	7
9076	346
80854	7
8359	7
489	539
9693	1
6092	198
9456	1
25820	2
1029	5
11217	115
5579	1
387082	20
1056	185
7903	669
5083	7
9636	128
23641	4
9183	21
151449	39
8999	8
7270	7
4481	670
6779	340
23308	671
2319	8
9447	1
6648	5
169966	4
147746	275
27246	2
7050	7
54828	7
5747	8
7204	1
9587	5
8022	589
9525	222
51649	109
4330	7
51027	564
11155	16
497189	4
9201	5
51569	672
343637	55
56946	7
4811	10
4850	49
10592	412
9897	60
6536	1
83714	7
5977	7
4312	10
57540	673
2873	9
3760	157
3698	163
55728	7
7518	5
4086	7
8165	115
55571	49
10273	24
3306	24
118424	2
5644	10
51305	24
2983	261
4907	10
9943	78
801	1
23229	1
9536	610
55702	4
5445	8
6276	674
3001	5
213	10
14	639
4241	2
55352	7
256714	203
1048	673
79833	14
51058	260
2026	271
79009	14
23277	588
3756	81
6579	256
339230	22
6207	49
81618	145
57703	423
3309	24
79738	20
5783	1
3181	14
27240	8
83638	70
84418	303
3678	10
6860	204
128209	352
3763	157
11112	5
65056	311
64005	8
902	14
9630	1
91807	115
10878	8
11264	224
92283	675
16	602
9253	1
4504	1
375341	4
51319	49
215	159
5525	20
9628	42
7288	70
7508	5
9733	14
54955	4
8170	282
800	1
4361	5
57533	103
9	408
29785	4
51444	7
124359	14
171483	5
54521	147
2120	7
1643	9
85406	1
267012	218
58504	1
50808	275
482	1
29974	14
8650	8
8178	14
1155	20
254122	8
1605	8
7071	7
513	163
115098	5
8314	73
653602	7
55610	273
4130	1
283455	1
23266	1
54504	203
29108	1
64098	4
55361	8
5698	2
84057	5
6949	5
5940	14
5318	591
25911	28
51317	7
148738	10
57530	24
9235	7
5457	70
129049	449
8848	5
7150	7
63891	7
23179	8
10618	58
3442	8
30827	7
2565	1
4798	311
7349	486
79663	4
84932	4
4179	8
5810	5
4141	29
11218	14
154	8
114805	108
4060	10
5303	7
387680	60
1499	7
1291	10
5646	10
27158	4
60490	4
51279	8
1258	571
81688	5
1088	498
84807	4
3351	1
27348	91
6154	49
84817	47
5453	7
57409	14
9247	4
1974	49
51125	1
55107	1
7422	8
10393	149
653240	4
3096	5
116988	7
4629	16
5079	7
83442	8
26003	4
140801	49
27000	73
29062	204
2314	7
823	8
4173	5
57474	4
23376	677
5473	10
23241	1
25953	676
63894	38
55233	250
11176	7
1606	678
3954	517
254887	1
6191	49
3772	1
100526767	222
79669	44
26019	49
2947	353
6362	5
119587	7
5914	7
63917	538
50485	5
392	1
7545	115
339344	8
50628	14
124857	607
9635	8
3635	8
84612	1
369	24
60385	679
2063	7
84218	1
51763	4
5441	14
64599	4
1979	49
6468	20
4985	1
4363	680
990	5
1786	7
2483	423
25988	1
3993	1
2354	7
55340	182
546	7
23028	7
2778	1
57093	5
26269	2
89777	10
22936	14
6568	288
58508	7
256302	4
57626	87
259215	8
64147	7
483	4
84634	531
4862	7
2819	594
2802	1
9607	498
713	10
7145	8
25898	5
166824	20
754	5
57661	7
6873	7
181	312
10607	7
535	154
9055	21
23203	254
64219	4
9747	4
163126	7
6238	192
3799	24
6284	174
126374	8
345611	1
200576	235
1160	5
10112	21
842	1
4620	8
55845	8
5580	8
994	5
2634	128
5606	1
378465	6
81857	7
282617	683
3112	8
55680	8
56413	7
4299	14
5189	583
10114	7
84515	5
55280	8
2556	246
4055	1
9829	58
4818	670
4148	10
1760	1
8531	5
9522	238
4294	1
55167	7
414899	1
9482	204
6097	7
84894	4
7317	2
338785	4
79829	5
55741	49
6228	49
55176	64
9024	5
23246	49
10590	204
79577	14
54810	5
4115	4
57679	59
84332	484
26508	7
3431	17
79843	4
471	526
23397	412
55761	87
84458	7
23175	5
22930	514
3765	157
28227	20
129807	4
6473	7
5534	1
6442	563
54363	8
4009	589
255061	684
343035	49
8310	7
92597	250
5584	1
29765	24
7124	1
9575	7
8826	8
9806	8
336	561
2253	174
10148	377
1366	597
2623	7
10815	204
7334	2
939	1
148223	4
170082	4
5251	174
2667	1
9184	2
51307	24
55689	7
9683	2
9352	2
4351	5
57017	743
5129	4
10726	14
2735	115
9095	7
9169	14
51701	7
5423	5
10525	106
58494	585
80184	203
65993	14
23569	7
7378	1
1393	486
5443	312
6493	2
54476	479
22828	14
53840	2
10556	80
7423	8
970	1
60529	7
10742	7
22906	7
2214	8
10767	108
5063	8
6921	14
25865	58
79183	87
5373	391
8538	7
2913	1
55914	1
6750	685
3437	128
115761	4
54977	686
6640	1
161	58
55737	252
11034	8
27031	213
290	24
23291	5
9185	8
9578	2
8243	5
26160	592
10335	1
26827	14
632	10
57829	145
11009	5
122809	8
269	7
55565	4
55837	133
2904	1
79184	5
5566	1
4804	1
29074	97
3495	595
51409	87
9915	7
1809	286
63922	5
8925	58
8518	1
814	7
192111	24
51202	14
974	8
85441	7
11152	14
2892	1
286	8
54785	2
64093	10
126326	688
5173	7
114885	27
1068	449
3420	465
56896	286
8754	8
23479	443
80852	1
60592	5
1453	24
2555	246
64283	24
7143	8
202051	203
55722	203
84695	477
22888	2
9567	10
83452	184
11043	4
166	4
10203	143
30001	642
326624	70
55617	7
9108	503
847	8
27232	4
8395	279
64866	10
10095	117
2861	24
65080	97
9837	5
27178	397
140290	7
23047	21
51804	386
2879	1
873	9
3781	16
83734	1
8216	39
8817	174
9919	1
1003	8
7082	180
113	115
10152	8
64852	14
51375	113
83417	392
91694	4
10628	7
51172	58
9813	7
2318	1
23062	184
2550	504
8626	7
7620	4
30835	8
9474	1
1495	8
5213	690
10588	4
9793	21
116449	8
10208	14
79074	331
81532	250
9846	8
145508	203
166793	1
115703	4
9758	115
55506	7
4542	70
929	8
22916	49
203068	20
55366	55
84445	4
55665	222
1999	7
6667	7
4751	149
3655	8
10138	73
6700	8
1184	8
3983	4
51126	691
58475	623
4677	29
118427	10
6195	7
594	604
9721	4
6929	7
84661	7
8858	10
59286	14
51208	529
11178	5
126823	5
83595	7
4842	1
85302	4
3706	1
253725	60
4287	2
57621	7
5813	5
79165	4
54344	557
6443	563
5265	10
51637	331
5655	5
83892	5
427	5
6801	20
7586	332
3981	5
9529	4
51616	7
114548	1
51593	14
6595	7
5274	10
9114	363
1571	373
2762	137
2045	8
5634	215
2108	360
84457	14
84873	622
6754	647
417	10
6924	14
9542	8
9794	7
440574	260
933	8
3692	49
4301	1
11142	1
6035	8
285172	4
3669	128
6310	6
56952	4
55269	14
26012	4
55753	8
339201	245
9406	14
7073	14
6502	5
5214	690
121536	7
2980	304
126626	73
27143	128
1054	7
401145	4
6134	49
83440	133
10979	7
10692	87
55139	281
10262	14
81788	87
163050	4
4325	531
8807	8
9886	9
29121	692
2038	8
9162	7
7186	1
4671	1
9521	29
55034	495
64375	7
2290	7
80014	374
26224	181
7174	5
22894	108
153328	4
2280	1
6286	221
9312	636
725	10
64320	2
3751	1
79728	5
91768	5
63904	4
8479	7
1781	179
23099	4
6426	14
58490	4
3835	5
9403	693
729991	4
4216	1
6492	7
3982	8
3643	8
343472	7
6925	7
4267	5
4831	337
2342	1
1384	296
9914	71
4860	5
125950	14
9240	4
6812	1
79586	108
10411	1
9678	21
123887	44
6446	1
10544	10
7364	694
1031	5
1785	8
6374	15
6794	24
6702	2
51602	49
84172	14
93649	7
23580	570
25950	7
57787	1
80723	695
10198	8
51647	121
2036	1
5692	2
83853	696
9625	1
55355	21
7625	14
404665	388
6626	14
4646	1
50807	8
10605	49
10694	20
2886	8
85397	4
7525	8
3149	4
11123	16
113115	146
84196	252
115584	14
64773	4
84281	115
2529	457
3362	1
164045	14
10580	8
10062	7
4706	162
63875	97
2965	14
200909	532
5069	7
765	697
201501	7
55147	14
4669	207
1603	1
7053	1
1020	8
28954	24
6503	8
2963	14
1053	7
944	8
3039	698
2243	10
57122	14
64215	460
4144	580
26061	296
57099	1
26060	1
1108	7
2444	8
3898	8
1209	351
9550	154
355	1
9993	7
84251	58
90861	699
5741	289
2696	700
7727	332
79665	211
5202	201
4728	17
124790	14
54535	4
64802	4
84171	7
388	1
2660	438
11258	53
5359	4
112464	58
131450	161
57644	667
26018	8
51224	4
3588	683
64756	163
115548	58
1141	417
6452	8
1487	7
3205	7
84790	20
1231	56
79039	7
84946	4
7942	7
142678	1
25836	21
566	20
51144	492
53826	5
80222	24
10477	2
150094	24
51363	8
55184	4
353323	4
153733	4
51545	4
6369	56
6432	14
51475	1
8697	149
5050	5
11276	184
8816	9
10389	73
1891	5
51247	14
374383	8
131118	254
165324	2
8766	103
2019	7
4320	10
4058	8
23189	8
5519	20
4978	232
15	10
8412	8
54676	7
28966	24
9855	288
23348	7
3235	7
3208	1
4929	7
2928	7
54800	9
10492	14
4212	7
9584	14
54734	4
26092	91
29058	701
8930	5
4072	597
9501	313
28958	217
9510	10
2012	630
375307	702
115265	14
140767	640
23089	335
10290	7
79661	5
5742	49
10093	117
4143	703
84912	122
79671	94
960	8
65979	1
8932	7
5870	59
3127	654
7181	7
64834	303
9698	5
2957	7
6494	9
64786	1
5935	14
799	1
963	8
553	47
9586	4
79970	8
4350	7
51298	20
83759	667
29028	5
10002	7
25874	49
23139	1
114609	94
6305	481
23608	5
90135	7
250	126
79674	87
10856	28
282991	282
11338	14
727837	120
4005	7
3630	10
4790	7
971	8
64135	1
9126	21
57505	451
4714	17
6649	10
387856	4
79443	1
56181	434
2153	10
10488	603
9958	7
8662	49
6915	1
94239	704
6230	49
5431	14
2780	294
27242	10
150084	4
7994	7
221264	1
1119	14
55103	24
6643	8
55138	4
79034	14
3040	705
4085	21
10073	14
6188	49
56474	4
51072	4
1586	366
5284	313
84193	7
4015	10
5708	2
101060399	4
27123	1
114757	415
2921	15
7917	382
93099	24
7353	2
3853	4
6827	14
6833	220
168620	7
445341	1
2296	7
5630	1
54749	133
6129	49
337974	4
9922	112
9124	8
9167	645
137202	39
57448	1
3937	8
10900	4
5533	87
3216	7
8718	1
51078	20
22976	7
5128	24
5449	7
51155	653
4928	14
5612	1
11278	7
5939	508
54778	7
1435	8
8370	5
55854	7
118	8
2006	10
2949	353
100423062	21
26574	5
10087	4
7965	29
5082	20
54926	7
5673	14
8048	7
81029	253
81892	7
4826	79
81569	4
389833	21
51184	14
6764	8
10716	1
9937	5
414061	70
55304	361
759	7
220134	21
100861412	4
8648	7
6906	649
55062	7
10667	4
8520	7
5778	1
811	10
9699	313
54922	1
143379	4
5660	381
3786	1
51258	97
10497	204
55299	49
255520	8
408	1
84224	199
84258	558
5358	8
64969	427
10920	9
26128	107
283150	28
864	7
9689	478
11156	1
29998	5
6368	56
8038	8
4608	16
89866	14
10903	7
2189	72
149986	4
605	7
2205	8
56647	5
7091	7
8187	4
84296	5
2277	8
10140	112
4673	7
9743	8
908	20
1654	49
115708	490
54187	5
55014	38
9658	7
54210	196
4276	168
56256	20
55626	1
1660	14
10973	7
152789	8
23172	5
26263	2
54978	5
3717	8
10509	1
151011	265
122769	9
5176	10
3141	125
4883	100
11020	592
55683	49
64983	97
5570	115
22849	112
8350	7
23551	7
5516	20
64759	8
579	7
64856	10
9064	1
5340	10
57109	7
6175	49
10804	1
7705	5
7096	479
55017	605
84221	4
64427	24
1368	705
27445	165
5204	201
90326	7
80318	246
9640	14
84106	4
5994	7
2014	554
26046	626
8877	1
1982	49
6774	8
66036	503
2203	323
8287	1
57159	4
7941	20
65992	677
7029	5
9768	5
3119	8
57167	205
64112	1
91662	1
926	8
374355	4
65986	2
4920	0
9530	24
3587	683
114898	4
285381	4
54806	203
942	8
26289	458
26292	257
6039	1
84929	657
79102	2
9816	14
2661	5
2064	8
79953	214
3784	1
6547	24
10221	1
10299	3
8323	253
6094	476
3189	14
6331	1
8404	232
277	5
1840	7
5324	14
57104	24
4922	84
5871	1
7592	5
266812	5
6289	10
100996939	629
80258	4
57823	8
284723	1
10449	187
58493	493
23583	4
10168	7
7295	7
1806	1
23331	276
10924	14
7475	253
64744	4
83939	1
779	231
6130	49
64426	7
83988	20
54726	540
7803	20
112939	7
5008	10
1548	373
23210	14
11193	14
23255	53
4359	590
158358	6
8174	8
158471	658
5178	7
128821	4
254173	4
9541	14
7275	8
3500	543
8861	7
79228	14
54361	253
25777	5
23078	451
6591	10
56961	8
9557	5
150864	4
51604	429
406	7
8497	165
4940	128
4909	8
7058	10
1755	587
284654	55
133015	7
3199	2
4110	113
79008	5
170685	1
53371	14
8411	59
5683	2
60436	7
26576	14
91543	147
23030	7
201725	4
133957	2
9684	9
7472	1
26273	7
4947	2
256297	7
5470	1
1475	10
1293	10
11226	10
189	296
51213	14
6588	539
10174	8
117583	1
4633	16
6011	1
51592	7
57786	5
55869	7
4056	341
84309	1
54106	479
57092	5
2068	14
1745	7
6356	56
9086	49
196	7
10614	14
163786	345
1807	286
127540	4
1396	260
5997	1
6741	14
896	5
1462	8
57647	5
3806	166
258010	2
55937	24
5774	8
5148	294
5982	5
246330	1
64844	2
6496	7
10099	300
6375	544
57097	652
147011	5
144347	550
6520	8
1196	14
102723996	671
1260	256
7046	87
768	14
10603	8
161003	115
51196	1
58500	4
23129	367
92345	118
50617	690
6736	7
8879	8
22899	7
10199	405
59307	479
3984	208
23119	167
353	376
3352	1
146439	24
10214	287
2752	4
23786	706
2009	1
84101	707
50618	8
6118	5
1778	179
2745	5
149628	5
1476	10
1600	8
8896	4
64431	28
7490	7
139212	5
1374	515
5859	29
1030	5
1663	5
2673	738
114823	4
5289	237
8813	557
84061	49
10653	10
1618	259
5536	24
7321	2
6059	49
10231	1
11227	85
51512	203
6005	8
6317	10
57523	165
6472	5
5029	8
57213	160
729458	7
54617	311
3490	56
9146	8
1386	7
8856	7
529	154
79734	4
60370	4
22794	49
128272	7
5184	6
10926	5
6093	8
2549	8
81611	2
10109	117
23144	509
50999	7
9210	39
100526773	106
5100	133
5824	224
5908	1
121260	303
8797	1
10020	4
3681	8
8295	7
2706	1
2632	79
4744	1
9437	8
80198	5
56144	5
1825	591
3744	2
54929	7
6193	49
84273	76
31	125
1718	5
3938	24
5527	20
84220	14
5651	640
5740	1
64225	354
51121	49
104909134	486
5902	14
23420	420
7185	1
55602	5
1783	179
80329	708
90121	4
92609	254
5411	14
81786	79
4221	7
54442	628
81605	468
22848	369
7335	2
57007	163
10044	8
79723	7
3275	7
11102	80
23322	203
64087	530
126119	244
2922	14
221302	709
23061	1
1445	8
23310	412
10287	1
2569	1
152503	8
5878	59
1917	158
1071	64
4879	100
28973	710
7066	8
10919	7
55703	14
1407	181
4782	283
6689	7
56616	1
56623	24
486	1
25824	665
6271	221
55898	24
84129	24
5524	20
84318	203
3929	8
4836	1
5196	10
132884	7
9373	2
51535	1
7163	446
64518	4
2803	268
4188	4
8850	7
2872	7
5916	7
9091	424
55763	191
79594	2
2791	42
10785	5
3991	1
4898	7
518	163
65117	287
121506	496
3790	516
56479	1
9737	1
1443	2
149428	1
57085	4
9039	9
8522	8
50846	190
2813	573
11185	4
57062	5
10403	21
7975	7
9465	115
1520	10
10807	203
22818	211
114902	175
79939	711
397	1
2626	7
22925	510
25888	4
10365	7
3589	96
51434	149
1829	591
60685	2
6690	640
29947	7
57020	67
89890	1
51253	97
9050	8
10519	1
4664	7
56886	693
5062	8
23379	14
2734	8
55172	24
65980	702
2900	1
22795	10
84167	4
8027	8
84063	4
55870	7
3996	1
923	8
7014	5
23272	24
51704	8
200845	8
1388	7
55769	7
340156	115
57180	117
7581	1
1489	8
160	58
60673	1
80022	24
8499	165
8882	86
54840	5
9877	5
11161	5
95	1
84922	535
6566	9
90019	14
23141	20
5354	10
57144	4
9170	1
2002	7
79609	2
5052	665
58509	2
79598	18
9362	458
54620	2
55894	278
10656	14
339403	439
5426	5
6891	2
26147	7
3880	4
11061	145
53405	8
339967	7
85458	4
4222	7
10110	1
5207	115
27238	14
4654	7
4331	14
23413	1
10859	131
51465	2
3385	8
117144	4
55212	35
94105	8
84984	4
5526	20
60681	315
8542	64
83933	7
10845	552
55603	7
10989	260
7458	70
79585	112
26228	8
7706	2
221442	5
10897	418
29990	8
4642	1
80309	1
51191	5
252839	701
10670	343
5093	14
4004	7
125050	14
3268	58
24142	2
147841	21
139628	7
10295	8
10039	7
84146	7
114793	14
389421	389
100996750	4
51362	14
25929	14
6122	49
3607	7
8625	7
85409	2
5903	14
91010	14
83700	585
5909	1
441150	275
1687	5
1409	471
54820	21
7697	4
5576	115
6572	313
10568	211
6867	5
374569	1
80018	691
6449	44
57563	9
23327	8
55224	1
6396	14
2647	282
64781	4
3073	170
55706	14
8476	208
219844	5
65083	49
969	712
220164	8
6863	684
10011	14
5479	8
340205	8
57030	8
79088	4
5211	4
10768	1
84246	7
4986	1
65991	5
10533	1
245812	479
79666	4
1838	4
57381	8
10476	163
634	8
10791	204
790	1
9776	1
20	86
59272	713
23268	8
222584	24
10466	123
50674	7
26999	8
27133	81
9847	174
79800	4
2027	676
100271849	7
3945	220
3117	5
70	8
1455	1
51052	714
1179	715
25855	7
2592	4
4197	7
125170	4
200916	49
91544	4
55578	7
2914	1
8089	28
2793	42
25999	1
57456	4
55850	651
150737	134
84290	1
4938	191
3191	14
57175	466
2079	5
51361	4
85461	1
6282	221
129138	716
9697	14
6880	7
6439	10
57805	7
8739	1
5337	1
6722	7
6571	7
94121	101
83478	8
55128	8
5509	79
27004	1
7227	7
3856	1
5867	5
84304	4
1636	1
774	1
85019	4
115290	9
78994	20
859	8
84867	1
57616	4
2492	1
284086	87
85378	86
79751	492
5695	2
10569	14
8668	49
25766	7
23136	24
6541	214
9073	180
51339	7
1072	208
79849	256
55662	7
5310	8
3101	520
28960	602
8440	8
3454	8
55285	4
23135	7
53358	8
283807	16
393	1
11080	24
64395	717
64963	49
6506	8
4054	139
3156	2
2321	8
51657	87
187	426
58488	586
26749	614
6964	8
5238	137
378951	14
92689	4
4255	7
2247	174
2107	49
10573	97
132789	334
29968	137
51447	24
144699	7
79654	1
10629	7
84079	204
91137	4
256933	228
6737	2
85417	5
6299	7
89848	8
645455	4
10551	5
11215	115
308	8
10422	7
84975	122
8452	9
9104	7
5427	5
55698	4
4097	7
147700	24
10562	622
1413	263
10421	14
58155	14
80321	4
126669	8
64328	49
51304	70
22907	7
2642	10
92070	4
8200	39
8609	142
55031	5
56983	207
1725	4
9959	344
7355	4
3714	7
4343	509
60468	7
284904	7
4125	207
10736	386
6546	24
10671	53
254251	4
92595	4
51185	9
64753	4
7059	10
54763	4
10360	49
84676	16
5922	1
1478	14
1639	53
5718	2
1759	8
410	262
2324	8
5688	2
54756	8
8825	1
9545	313
11066	14
51266	24
64855	5
56956	7
63915	282
8013	7
134	1
3276	7
23163	184
23385	396
27154	5
114131	51
26958	211
22	20
2526	8
124801	49
23049	49
4254	8
10	5
79823	24
29948	4
147372	4
90381	5
387923	664
116362	8
29781	412
11345	1
55016	8
388585	8
83464	396
9632	454
2475	1
139599	719
6407	10
84955	211
55092	97
57292	8
26750	1
3633	7
11094	4
8682	1
8544	7
1504	10
817	1
6429	14
8237	5
64410	9
152138	720
30811	184
6295	1
3043	49
284001	4
50511	21
64714	642
83540	21
89882	446
92799	8
4651	1
55512	8
25833	7
80149	206
58478	49
1952	7
7408	8
29128	5
155	8
26135	7
1281	10
9173	255
2192	10
8639	8
2098	594
79801	709
11243	21
5502	1
7168	16
1820	5
3820	692
284217	10
2059	8
3077	513
221178	20
57662	20
1173	58
51286	303
285855	49
79169	4
55342	4
6117	5
55504	1
5518	20
1780	53
3976	8
54764	20
6128	49
1788	7
22897	213
1557	373
286499	4
23054	7
4152	7
83641	7
11179	14
8888	5
9552	225
117286	352
7067	7
9649	191
27343	5
11078	1
8578	419
26121	4
10243	1
64853	135
1730	87
10616	1
4916	1
122953	7
1523	7
8335	5
9019	8
114132	8
25884	39
339745	58
5317	1
3911	10
79058	2
9294	1
4159	312
60682	24
84299	7
57002	562
80097	86
23492	73
128434	721
3690	8
4061	8
341	561
10678	371
55677	14
4678	7
54209	196
9514	262
2643	355
5111	5
6500	2
29072	7
91893	1
84340	14
60491	4
8516	10
5414	1
2587	600
6470	5
8086	14
9442	7
3854	4
144132	211
339287	7
8971	49
10951	7
27230	8
10609	315
66005	358
2701	1
403	5
29115	14
4135	7
2653	5
9814	4
55633	4
5501	1
79047	4
112858	14
636	53
2217	697
140456	49
10962	24
617	517
80856	222
55324	14
4618	7
140576	411
64839	2
5105	382
85358	8
8315	5
51573	1
2978	115
5702	2
148022	1
3578	8
6455	8
115426	5
11099	8
23389	7
7531	24
1146	4
55841	374
55132	21
6936	6
5562	1
1010	568
91179	419
10017	1
5158	294
55681	0
3712	360
23321	352
1585	7
4800	7
10927	5
9156	5
51065	49
115948	4
9722	1
7357	229
738	273
4854	7
55109	14
5121	1
8794	1
55425	24
79152	133
151246	21
56931	707
2771	1
1058	21
112574	8
4615	94
5818	612
4205	7
51706	645
151056	221
10293	1
27306	520
83605	7
3126	654
285025	1
10043	722
5368	1
1280	10
8674	204
7170	16
112802	4
658	39
199713	7
340419	55
144501	4
55691	28
51727	184
56301	8
6717	1
5046	577
80308	4
8715	7
79096	49
150	1
4026	8
10713	14
81557	14
130872	24
57455	14
54149	4
201595	49
23093	603
3421	465
10465	456
114088	8
7293	1
6196	1
7337	2
3035	49
30851	1
84688	245
129880	35
28882	5
26258	282
735	507
1471	10
2743	1
7259	260
1954	4
26985	110
6278	662
22919	21
1164	5
23603	466
9911	20
7336	5
8910	5
252983	204
9452	10
147923	5
6519	379
5863	5
83667	1
5341	87
58529	16
3552	94
256281	4
32	125
6548	1
642636	21
56955	5
10240	109
231	723
5831	7
7318	1
9265	1
5338	8
144245	24
55884	49
55968	2
2740	303
10886	370
201562	216
9801	97
154043	88
11077	7
5515	20
56255	8
5950	413
284004	111
9601	64
220213	10
54961	208
9830	1
51608	5
7360	14
1102	9
54801	155
3632	87
6227	49
541468	4
51542	273
116143	1
10169	4
55902	49
434	312
10291	14
2697	1
94015	8
5797	8
6581	256
665	1
6003	1
10256	1
5145	294
51257	89
79932	41
3074	170
51003	7
2239	174
54509	620
23370	1
152007	8
10072	163
51341	7
197257	7
4801	7
5590	1
83732	24
54505	83
9230	103
80169	5
27202	223
22826	14
6844	204
23001	1
117248	8
9056	8
84312	7
23294	8
11130	21
219743	244
8140	8
8653	245
149465	1
22927	1
6247	7
11164	5
79982	24
204474	642
50507	479
1875	5
8632	8
51043	8
6210	49
9724	4
23224	5
4515	1
10808	24
90480	7
5293	8
5563	242
2317	1
7812	14
6776	8
26973	24
7507	5
5294	8
64806	660
51244	49
57684	7
50717	9
10193	8
6910	7
1537	17
57158	8
9913	7
8496	165
602	7
22864	4
10336	73
7486	5
55268	401
57169	451
51765	20
862	7
23138	24
642	49
56925	66
10381	20
79959	4
64210	5
950	110
79918	7
85294	4
6861	558
55718	14
9343	14
7695	4
51451	20
10571	5
196403	2
2901	1
29116	1
11127	1
51274	4
51271	8
4352	8
326625	380
93661	53
54797	7
2070	4
7690	7
3622	7
10006	8
6815	4
23299	53
84256	5
85480	8
3055	8
7130	56
91947	1
29967	282
53339	9
83851	4
1337	645
201161	8
51621	7
23111	7
80243	87
9779	252
9757	7
29094	4
6445	563
4326	10
81570	7
79866	5
114790	24
841	1
1628	7
252969	7
1028	5
22806	4
10200	108
11221	1
51676	2
653604	5
56947	1
79797	4
9356	275
388135	1
64895	14
28976	105
29950	7
114803	5
2125	277
55957	5
8687	4
57522	1
7248	1
51205	42
23476	5
54971	4
5275	10
6234	49
8733	429
740	97
9217	27
143630	2
79631	14
26133	1
54039	14
57018	5
478	115
3823	416
51520	29
9785	14
2906	1
29890	618
57610	1
60559	49
26	8
8661	49
64770	203
26608	1
57050	5
145270	10
8728	8
3958	8
590	501
3305	24
93621	28
3679	10
1805	10
5226	79
8302	168
776	231
47	1
1540	1
5836	295
79869	14
26207	287
11165	49
51655	1
2091	49
25934	260
5438	14
441925	1
49856	203
3934	10
146956	5
55148	7
10772	14
26279	8
147179	8
23450	14
1012	624
150946	8
5520	20
9502	7
4659	1
2903	1
5256	295
9577	5
23076	14
23406	8
6923	14
10599	7
34	20
2625	7
491	1
23137	318
1488	7
3006	14
1948	8
55847	2
55699	127
4624	16
8337	73
9825	1
92737	58
5350	539
10284	7
149483	174
1421	471
3029	10
3350	1
92342	14
54925	332
84287	8
718	8
94241	1
5447	373
23157	265
4145	8
4638	1
9520	2
2833	56
9097	2
3843	49
481	8
8664	49
2204	8
10957	7
7391	7
57492	7
26086	1
8353	7
11157	14
9296	154
134510	2
27086	19
4763	1
7566	7
23704	1
114991	5
8671	240
50813	9
84141	5
23283	14
8663	49
9080	528
8743	1
386618	4
203076	7
79016	9
5199	428
8031	7
788	699
9261	1
55604	53
5250	17
80328	280
26993	14
26512	14
23518	6
5984	5
5881	1
9807	57
25796	4
9585	5
55655	720
25861	432
137735	8
55505	118
9907	4
7756	14
9750	1
10440	254
26230	1
5307	7
6786	71
79817	4
56916	7
55905	2
1311	10
1826	8
4207	7
3053	10
57584	211
51435	725
5454	7
55502	7
83743	49
25970	8
5156	8
598	1
81875	1
2960	14
146057	21
23125	7
65057	5
23394	7
2707	180
10399	8
8942	726
3429	128
10799	80
10914	14
5155	10
5321	1
150684	67
10474	7
29841	212
51193	5
11196	5
5395	5
11064	1
53615	7
10158	288
201475	1
2115	7
4851	7
3891	8
221937	7
51186	14
9588	1
55704	1
79679	8
116983	695
440068	1
6810	204
10991	5
29935	5
51651	4
10379	128
10498	7
10435	1
5291	8
79635	4
10326	196
23142	9
1147	1
11069	1
26589	97
1442	7
8654	1
53904	631
51264	97
4067	8
9802	4
84816	41
9853	59
5888	5
5252	7
8870	20
7411	201
51143	179
134353	14
23122	21
6158	49
10238	1
81573	659
113130	21
4439	5
23107	97
65990	260
552	1
25788	4
83439	7
23545	154
5715	2
4869	49
55093	4
2893	1
55613	503
30834	574
3567	8
4037	184
23209	5
50509	10
63916	8
6373	56
26205	7
6878	7
6297	70
79441	155
222643	7
4281	2
342667	6
4735	265
10673	1
22933	7
10881	8
1465	8
8445	9
6103	1
292	230
26548	7
3184	14
23112	112
4062	368
11342	282
23637	1
3636	8
4528	14
102157402	14
4885	547
10026	429
57670	31
27128	1
773	1
3817	10
23338	5
6907	7
84033	8
6857	204
59340	1
30819	77
5498	260
2547	5
8351	7
8436	4
29851	671
10788	1
653784	86
9527	69
5898	191
7040	10
9002	585
79726	12
2348	8
129521	329
4640	8
3009	7
578	1
51327	705
9295	14
6367	56
2912	1
5706	2
1139	115
7547	115
115992	719
3033	7
51283	2
83746	7
94039	4
10645	1
3858	1
1653	331
27165	1
2998	79
91624	8
22839	1
2868	1
23350	14
54681	303
23022	8
5920	1
25885	14
2935	49
5506	79
4741	1
810	1
7678	4
11214	24
80013	2
7328	89
2119	9
26097	14
2840	1
6448	207
2782	1
2986	727
8834	1
64400	5
7436	1
3640	164
6224	49
1297	10
7918	4
4924	1
284992	4
57559	4
10060	220
114571	256
23550	1
4289	365
10626	5
1270	8
7138	16
89891	1
1491	310
51073	97
58476	1
11279	7
5899	191
55739	4
5027	554
1464	8
683	1
23673	204
9817	5
780	8
94120	169
9669	49
732	507
6770	1
10286	14
3575	8
72	16
7164	446
10457	7
80310	8
2788	42
548593	5
166379	35
672	5
563	8
203	7
84292	14
10368	1
1308	8
8891	49
64343	1
10524	5
934	8
29124	8
29907	4
8913	133
1133	1
387521	2
51495	1
51754	8
9589	4
9152	204
26033	312
83999	527
6218	49
84919	5
55257	28
266740	5
144715	5
83593	1
8082	563
9984	14
55230	9
23467	547
26122	28
29091	204
8844	24
2621	8
10452	130
10285	14
3953	8
7042	139
55240	5
468	7
7292	1
22859	1
8673	204
8660	8
4437	5
1129	1
3192	14
8416	5
7407	7
6932	7
925	8
83844	5
9204	14
1741	1
2065	8
51182	24
6869	684
124995	97
2248	174
51692	14
11133	578
11237	71
65983	156
10137	24
56344	4
9150	14
25801	444
10131	85
3313	24
245973	154
2577	614
1302	344
6564	256
50861	303
2925	14
80256	4
865	7
8694	24
92552	2
55084	5
57146	4
203260	133
8193	7
100049587	196
863	7
285242	532
2785	42
3163	5
79002	14
10206	1
159989	4
23627	49
5825	159
9970	7
23431	435
55253	5
8559	456
9497	641
2962	14
54453	59
85443	5
1463	669
29844	311
5648	10
2176	72
5439	14
55872	5
1796	8
1406	7
64321	7
23522	7
23288	173
135927	7
5701	2
5440	14
6885	1
55211	8
1611	5
9139	7
152189	8
25780	8
5862	4
23353	436
55143	21
9973	665
2266	10
808	1
1107	7
1025	14
246721	14
8744	1
2678	522
130271	8
1839	8
26232	2
10929	14
8394	8
2823	148
283987	4
4637	16
6611	726
7296	7
3998	10
10447	2
144363	360
5236	90
441519	4
2250	174
79589	2
84986	2
431707	7
161882	7
8453	9
4536	8
200894	7
389541	343
6631	14
1911	73
7429	8
90417	108
388389	160
1062	21
7136	16
25804	14
64840	253
57817	551
12	10
8419	681
7311	49
85865	4
1787	5
387357	8
79637	4
1447	9
196472	4
8900	5
84265	5
3113	8
23101	451
25923	4
3621	7
6728	49
64102	299
516	163
5618	8
10717	21
28996	7
23478	49
55629	7
90799	203
10846	632
51248	93
5193	728
57410	10
84076	283
572	1
80776	134
140825	7
219771	24
55080	8
443	391
10078	2
10594	14
100506658	7
4191	326
2979	727
727800	4
10111	5
57599	344
1794	4
3315	5
1431	471
4783	603
54539	17
6905	581
79083	101
57003	94
8914	5
8450	9
6618	666
6102	5
2968	14
10782	1
23616	8
861	7
129685	7
6450	8
151	24
55757	693
930	8
374649	8
57120	1
1844	1
319	64
6560	192
83481	8
1122	59
113451	2
5992	7
253827	4
9118	1
55114	8
291	1
79173	4
64968	5
2117	14
858	8
79139	2
55010	5
84914	4
342510	196
28991	67
2779	294
9025	5
6647	665
6120	108
57664	5
8266	2
660	8
3702	8
54893	7
85236	7
8521	7
6209	49
8291	1
57799	336
5798	1
9289	8
2936	729
64710	458
3097	5
767	4
5425	5
10542	5
3933	635
84152	1
23339	38
27069	94
80021	730
494514	4
409	1
64393	14
158297	4
64081	4
57453	8
140545	4
57708	7
6318	10
29924	58
113675	4
3249	10
143384	7
80345	686
51268	611
9921	5
6832	1
57336	730
5596	8
57654	9
1380	8
248	53
9603	7
729233	0
388697	20
23645	1
55227	1
27148	115
57214	8
80063	7
10000	1
7297	8
222658	1
644150	721
11262	5
79020	5
9332	16
9149	1
54888	49
91750	5
9123	2
4099	10
5281	141
9329	403
138151	7
7274	287
5190	583
58516	652
3841	14
112752	565
23195	298
7469	14
10485	8
5689	2
9439	7
9378	169
2047	8
5071	2
25915	17
22911	2
5230	5
5684	2
2695	700
4821	7
5719	2
9061	368
51412	7
139716	8
3665	128
5796	5
5099	1
147744	712
5558	5
4598	703
973	8
4088	7
80174	5
3310	24
125111	180
29079	7
51295	105
2768	1
3476	20
11194	76
2834	714
6787	203
8767	1
5664	1
23045	24
6390	450
10641	176
989	265
11022	519
10083	641
55666	2
81932	4
8402	492
7874	5
1613	5
293	469
3508	14
64434	49
3887	4
1137	417
2705	1
22915	10
2670	4
2067	5
285093	4
10434	1
4829	140
5995	33
23029	144
11072	8
9723	367
1810	7
22908	211
163183	65
8787	395
5721	2
56302	1
2990	637
1213	58
27252	5
10522	5
9125	112
10518	7
2994	246
79745	4
1005	568
9688	14
415117	7
83590	2
899	2
1736	118
79871	14
91603	14
115950	7
58513	58
84305	49
2648	7
84643	21
2644	355
23451	14
5243	5
51654	8
9532	24
51088	9
7026	7
58160	7
4776	1
5926	7
1002	8
93643	1
79897	80
3298	7
1240	30
8322	1
7257	436
10658	14
1175	58
1069	449
3014	5
29103	254
84669	148
54825	226
440275	7
2946	353
8736	16
9701	40
162	58
11340	108
55294	7
79719	58
8780	2
27190	660
23233	191
80019	2
81793	457
151195	24
283212	87
116349	4
9784	1
91419	5
9887	49
22820	211
88455	2
55312	489
1880	7
2309	5
23145	276
123722	4
152816	4
132320	67
137868	563
253635	4
8467	7
373856	128
7755	4
11040	6
54492	88
59067	678
54464	108
328	5
6314	7
10113	87
79094	4
1307	10
55011	14
29126	406
2849	1
474354	4
405	7
59341	8
9128	14
4544	1
6495	4
6769	24
8994	1
8358	7
83744	7
10436	2
5216	8
7095	733
84522	177
3779	715
10075	5
10572	5
3750	77
199221	4
10202	5
54675	5
126638	540
1305	10
279	573
922	1
449003	403
5626	7
207	1
595	5
10212	14
55726	14
2054	204
84628	572
84545	97
63898	4
7991	1
5300	5
25926	24
80818	7
729515	533
6657	7
11201	5
7711	4
5296	8
84622	4
84988	368
55157	29
4540	17
3785	1
1992	10
4035	10
56938	7
80005	8
6749	14
11252	8
6138	49
701	21
140683	4
2918	1
2152	10
3075	8
10463	7
337876	108
9735	21
25897	2
29071	371
6708	8
6156	49
146198	7
5781	8
116985	5
55615	1
666	1
1278	10
5884	5
26748	717
140739	9
6202	49
353091	708
4137	1
171392	1
6687	4
6598	7
3355	1
348180	468
3049	291
7871	20
51260	368
4702	17
593	604
55893	5
25925	7
8972	8
959	1
4317	10
399	1
255738	1
29117	7
2300	39
27286	10
1315	211
87178	5
5087	7
80742	14
54973	14
8468	24
5704	2
93323	155
29927	8
54894	14
51204	5
27063	16
2832	682
394	8
83444	311
79690	5
8239	1
4703	16
4340	232
53616	24
3460	8
9987	14
124220	133
23041	184
4541	17
777	24
3732	8
10038	7
3691	8
56547	10
338328	524
114984	24
8864	181
118426	14
54941	2
3083	10
2194	24
10970	10
27129	7
898	5
10362	7
90701	49
261734	203
10443	456
51324	4
372	211
51586	7
2882	464
50862	7
1815	1
23187	137
10691	7
23165	14
6795	21
64216	567
22861	1
25906	149
1306	10
9069	20
2869	1
84861	9
390594	9
23765	593
675	5
10528	49
51454	10
64333	1
3595	8
6855	7
57524	1
8899	14
5179	487
6671	7
89910	1
1457	7
11333	10
6928	7
116071	7
1158	16
54551	252
10611	1
7105	5
7260	273
7432	4
55159	5
6483	271
57510	14
80176	7
7482	253
51108	222
64422	1
4161	312
3131	7
79656	4
84295	7
128710	5
5141	24
64805	56
23463	1
171484	16
2028	209
84618	4
11180	570
8934	14
442867	2
2516	7
285231	661
23032	191
7532	24
55218	5
712	10
7074	1
9890	49
55967	17
9570	69
6323	1
4913	5
27330	24
71	8
23421	7
5999	1
719	223
4969	139
6513	8
3827	10
8912	231
167465	7
3185	14
7165	446
121549	7
200186	24
10406	5
64374	24
285489	309
79677	318
84272	214
6257	7
10215	7
6811	69
149603	7
2672	7
9792	7
55432	2
23312	514
5947	7
4661	5
122553	120
1041	133
119391	7
23098	94
4154	14
7389	137
972	8
5495	1
2787	42
8924	5
3030	16
51025	254
5496	1
26267	2
6392	450
23254	14
1084	8
24138	128
8354	7
1671	246
4772	7
64976	97
100526693	117
57325	7
222662	533
1149	348
8572	4
6627	14
816	1
9374	207
2693	647
100533183	1
120892	1
399687	525
177	221
55700	64
7326	2
4297	7
23131	6
3238	7
6189	49
23541	8
29803	5
400569	7
84640	617
1408	181
5175	8
4041	150
54919	5
10418	10
51438	2
5550	1
1994	14
653121	4
2046	8
92	39
10809	7
23620	84
3169	7
84897	5
8723	8
9342	204
9457	7
9322	8
6436	553
120379	4
9496	7
22953	234
30010	169
3015	28
338917	7
342371	7
3594	409
84875	1
85509	7
7541	4
54496	7
7439	20
58517	14
391104	4
5678	7
80124	2
6676	265
6888	249
84959	8
6854	1
88	16
8325	1
51805	734
2703	180
25852	8
5993	7
8975	2
7226	71
23613	7
23196	5
51203	14
22983	172
1748	4
1616	7
3347	399
6301	707
10513	275
9519	7
404550	5
6904	581
375	211
93107	62
8021	14
5724	1
80205	7
7448	10
64388	39
388818	4
23650	4
117145	1
128229	19
54550	4
1902	1
339451	8
3145	7
84701	645
2992	79
8569	1
57402	411
164153	24
57221	7
30818	1
6747	49
54665	1
2794	49
85377	24
55577	4
6294	14
4738	9
29982	7
170850	636
1268	1
64965	427
8809	397
4817	5
79792	8
79989	546
51764	42
22986	10
54902	6
159	667
131405	389
10965	1
4603	7
84461	18
55644	14
59082	1
83594	49
7709	7
10913	1
22981	4
3241	4
9414	24
9778	5
117166	438
2209	8
4440	112
9551	163
7092	4
26575	4
3960	31
3713	277
10617	222
4595	5
51117	247
89870	8
23542	1
23399	625
4259	10
6201	49
2254	174
1650	49
55145	4
24	571
7417	49
153769	1
199990	72
54981	1
1286	10
57045	10
398	1
9968	7
79650	14
2305	5
165530	6
29089	5
5287	8
60684	120
9938	1
63970	1
8672	49
353376	94
11116	203
85440	1
2512	108
514	163
51665	14
29105	687
6632	14
84679	238
83448	4
50626	8
9972	14
8875	8
3680	10
7442	1
51428	14
146909	21
10048	7
8528	296
4967	167
4684	669
57649	7
1961	7
1861	91
8565	10
6015	73
57162	1
9101	222
8540	421
92421	222
2252	10
9568	504
56912	735
91833	344
5469	7
81488	631
50615	8
7517	356
339448	5
1008	568
9988	5
26521	736
10010	1
51005	334
3936	523
285643	5
124930	2
80762	8
83983	24
3860	4
85313	14
9382	123
5432	14
55081	735
57628	1
6772	8
80347	1
871	616
7280	20
1284	10
6720	7
26053	73
255877	7
6777	8
10642	14
540	135
5314	136
5428	470
6360	56
81545	142
4147	10
10734	21
5569	115
7381	475
57827	271
6839	7
84969	675
84060	5
1121	59
23201	1
23314	7
11060	8
9573	205
79682	21
149420	5
150160	20
1460	5
53916	191
3778	231
1813	1
64105	21
8911	4
337879	4
252995	638
8812	4
11141	1
55336	2
1459	7
9580	7
84261	9
26146	8
22948	20
1604	8
55327	1
286301	4
91966	8
4710	17
59	16
2313	7
9741	20
85464	208
4485	1
3895	1
23118	1
55811	685
80228	5
26286	211
84073	257
143	5
4736	49
8898	481
8537	1
56990	1
57695	5
9695	2
84289	5
9489	8
55319	151
145226	4
22841	103
10376	20
51619	2
3676	8
8623	4
168417	4
8840	10
220388	39
7516	356
55729	192
65987	4
2571	20
84448	8
26150	4
27352	8
3115	8
1977	49
5927	7
6744	24
6259	1
1848	4
51102	7
2178	72
6339	8
11171	14
8905	58
7139	16
128239	1
5799	133
261726	20
1114	511
11311	38
54510	8
6559	24
23332	21
23263	1
7265	1
6168	49
1454	24
54020	245
55322	633
10190	5
343099	203
83695	5
29970	8
124404	265
5075	4
51506	672
5435	14
6917	14
1272	8
5652	192
10081	260
7216	4
51634	14
3615	599
27327	112
81494	8
8417	204
2664	59
93145	49
60626	1
55734	5
9874	5
51207	87
11145	246
6853	8
54432	541
638	1
56654	4
83729	39
55225	14
84333	73
56605	737
3299	1
6996	7
7554	7
4680	498
27067	112
114625	8
4057	185
166647	1
1659	14
6217	49
54796	5
55082	14
220869	2
56943	7
7718	4
7984	4
11108	7
3204	5
1846	1
449520	485
1370	447
55367	1
9694	327
84324	14
54765	2
348654	5
3673	10
57508	14
6658	7
137392	24
444	210
752	5
4184	4
170261	7
10563	56
9144	725
64780	59
997	2
6337	8
388633	622
54969	7
55142	155
916	8
91746	14
1267	148
4645	103
7542	163
56005	44
9127	8
928	8
90865	255
3975	589
9229	1
10450	14
124602	21
8242	7
6752	1
7156	5
3777	24
23475	422
387522	2
1937	5
1936	7
26038	7
23239	344
55760	4
6941	4
57721	4
57531	1
727	548
9971	7
10849	14
5654	10
5532	1
8061	7
6692	10
114792	4
7098	1
196483	4
51311	94
26168	7
223082	2
528	154
27022	7
10142	1
114	115
7473	1
3026	10
55249	7
56992	1
26234	2
3003	2
51162	4
51659	5
79187	368
94274	1
9075	346
9969	7
5429	5
23636	14
29086	5
6603	7
51297	246
51371	2
57447	250
8568	7
7049	139
3608	14
80790	8
2867	1
65220	4
1945	8
3654	1
4849	112
8612	382
55827	7
2674	316
2798	740
284361	327
4076	8
7166	24
9493	21
23265	191
8447	179
9188	49
357	24
175	207
5217	8
4953	2
8600	1
8638	128
3759	1
7454	8
402	687
10946	14
11285	59
5393	108
7100	479
25928	39
148156	108
860	7
6884	14
11228	1
2165	10
5788	8
9764	374
100132285	196
984	24
54870	7
5784	24
3543	10
1265	8
55958	9
23401	1
7289	716
5717	2
64783	14
53834	174
7844	2
8329	14
225	159
11100	14
130399	39
23207	285
8227	4
6508	240
23031	8
25987	7
6783	5
79930	8
84062	282
6767	1
29992	8
7405	38
54663	1
147945	1
474	24
1915	49
1016	568
29082	222
51523	7
26511	4
51334	8
1950	8
51550	4
3067	4
55140	556
11154	435
55668	4
1203	207
23558	8
51099	398
4747	1
79680	1
5583	8
2638	8
836	1
10045	8
1387	7
6256	7
9495	1
10811	1
9657	1
27130	134
374618	4
135932	7
84294	4
91	39
1947	8
150274	443
9842	5
93380	327
1485	654
1823	591
8897	108
2057	8
204851	7
7976	688
84693	287
2072	5
8738	1
3955	7
92104	592
285190	7
84154	49
3921	49
8894	49
5499	1
985	1
10564	115
6046	7
10100	8
7555	21
80223	103
55824	8
10539	4
9882	24
7324	2
26586	203
389874	6
5264	739
25792	5
6892	211
9924	112
5981	5
23016	108
2058	29
93624	7
51129	8
5106	7
29887	4
3593	409
201292	112
1827	1
4696	17
2281	92
83855	7
2692	613
6898	2
8317	5
200014	4
10644	14
11267	4
23270	4
6354	56
51493	331
5906	1
3920	724
84335	24
91978	203
22821	8
153527	4
140688	7
322	5
5162	167
120425	615
79571	4
29889	49
831	165
3357	1
1373	24
7728	146
8557	16
4163	14
9266	1
4617	7
54751	1
57035	14
83443	14
56949	14
2118	7
57595	4
8029	8
93550	24
1524	188
475	135
6721	7
10682	258
51168	432
89941	24
6164	49
1676	1
55183	5
9211	24
26190	2
1621	536
59277	4
25791	163
57606	21
55568	399
2000	2
3910	5
6462	245
50	20
4884	547
151987	394
29966	20
200931	6
79091	197
51160	8
714	10
4761	1
7033	576
84528	4
10369	1
84148	7
316	1
3337	24
9328	403
5161	167
8811	521
762	240
55177	24
10233	8
6510	284
10213	2
23066	2
2146	7
113263	8
10479	1
79778	16
25879	9
7286	4
92806	54
55809	7
220441	343
4779	7
29068	7
2926	320
5546	14
1434	14
84675	16
54987	5
23011	1
253143	20
55632	388
84280	9
6529	204
1009	8
5522	20
2702	133
55787	4
257144	275
54942	4
79364	7
6404	8
183	1
2570	1
339	14
7392	7
84787	5
3107	166
920	8
9569	7
54867	14
6634	14
283238	70
7866	128
79033	232
58190	14
3839	14
29	1
257218	5
80726	4
79913	311
143279	7
167838	4
56993	130
92086	10
22807	7
9804	130
10848	1
9314	7
8893	49
285613	61
157310	1
10051	412
55752	265
57594	1
5540	732
9706	1
1312	4
3233	7
10254	8
284119	7
84277	108
6988	7
5611	24
6837	7
51141	2
430	1
4914	8
10196	49
389692	7
2109	360
89884	592
23307	60
92170	20
6619	666
57082	21
1138	301
1906	219
5322	1
146059	7
10431	254
2230	7
3280	7
7327	2
1762	344
80031	8
55922	7
60676	10
79075	5
54963	292
5568	115
2817	198
54780	318
255967	112
10241	4
3773	1
6453	8
255043	706
2811	10
875	4
8938	8
5420	256
27043	7
28952	67
7922	7
151393	27
7356	635
84191	410
3757	24
8886	4
129868	4
6615	7
3269	14
84140	4
1656	4
3196	24
23075	543
8631	8
81617	24
7343	5
4323	10
283989	274
26034	1
54862	222
1392	486
2208	8
144125	1
4160	312
9258	20
4693	1
887	209
257397	1
2055	147
8100	735
79005	4
23304	5
1620	14
55664	24
157	1
200539	16
10276	191
5600	1
25945	612
150678	9
23223	49
54855	4
26984	69
147872	177
55973	595
7347	2
23301	186
23154	24
5727	190
174	56
158399	332
51002	14
6275	221
6098	8
112398	7
5336	8
140461	14
3925	5
6751	685
91748	7
7108	474
2658	139
79813	7
286749	7
7802	14
5978	7
4716	17
79649	203
8491	8
81873	117
7852	8
6920	14
7982	8
388552	282
3577	15
22929	5
8448	179
60492	5
58512	1
54440	7
356	8
9615	1
57117	14
7538	24
388324	4
9712	8
64745	4
5578	1
54995	162
55599	14
54976	741
6192	49
3592	8
4739	8
164781	14
843	1
79971	1
6166	49
1543	366
23365	1
1073	8
3699	10
374	674
7013	5
57619	1
55885	4
9446	5
51135	94
91687	21
10059	1
23360	8
3467	8
55320	21
4589	399
80823	20
347240	18
146862	24
79858	149
81671	180
10850	56
6660	7
164127	4
4502	8
56658	2
117245	46
140597	5
137886	2
7503	5
54107	5
5528	20
84231	1
7307	14
9445	10
2720	724
5967	497
6829	14
4951	729
84310	4
2200	10
2224	6
162989	1
55596	20
334	5
22931	20
7431	1
440093	7
8774	204
56311	24
375850	5
116443	1
7094	8
57727	14
3842	14
604	7
1230	56
55215	5
4208	7
29789	5
23287	165
11270	202
255743	10
9398	14
55295	133
4692	7
10514	7
8519	8
144811	24
10159	363
6187	49
2566	1
255631	10
374654	203
10540	53
84552	1
93474	4
112950	7
5325	7
11079	260
4619	49
80178	5
822	412
29934	4
11187	591
57561	8
11158	4
9321	7
23762	27
5868	59
123811	203
57088	4
152015	663
85280	4
2170	16
6001	1
100505503	49
25890	8
5705	2
8539	174
10333	85
6036	49
6132	49
84968	4
25782	514
5934	5
26173	14
3574	8
51112	120
10268	1
1993	272
1978	1
51422	242
991	21
29915	7
353332	4
5685	2
7441	8
80230	8
2113	7
6641	172
7187	1
8808	1
10019	8
79872	8
3720	7
64129	4
7001	665
623	10
4882	100
140628	7
10666	473
79727	144
874	668
4245	7
5108	203
93129	71
23164	24
79078	4
79080	167
79066	14
9477	7
10297	149
11073	5
23034	24
84128	14
10188	8
5565	4
23303	1
6338	8
115106	155
27241	35
23325	60
6421	14
377630	5
8676	4
7118	8
23236	1
3791	8
157574	2
7114	5
9399	297
3849	4
57407	1
23549	4
64100	7
9631	14
6095	7
129531	575
1211	58
25831	482
2899	1
1415	471
4170	1
91754	14
728712	25
100526835	16
124460	113
3211	7
54531	7
9899	204
8646	4
416	14
730394	14
26959	7
26152	67
57095	20
9978	2
7546	115
1200	5
3619	21
55208	9
3396	97
65061	24
8831	1
9891	1
10935	1
8945	5
5394	108
26151	5
1446	1
158787	4
132228	182
1327	217
4635	16
57532	4
2562	246
55339	5
1186	184
64092	24
26528	259
4809	14
132321	160
284358	7
389856	1
25844	4
64421	5
1044	7
27005	5
7703	73
79673	4
29760	8
83899	4
9410	14
8995	1
58533	8
2870	1
27297	14
54165	9
64146	14
9401	5
8729	24
54766	292
3046	518
11199	24
9227	596
6285	221
117194	647
6583	256
80725	8
55544	5
153	1
29035	5
7010	8
3061	387
10758	1
84081	8
79447	7
55146	7
6805	204
5814	5
3563	8
3172	7
4803	10
8968	7
26519	469
8313	7
84838	332
3705	9
10320	4
335	64
10817	8
10056	742
1644	7
1340	475
2494	7
83937	1
23528	205
5058	8
3624	39
8741	1
1973	49
57520	2
3218	7
10869	24
3024	5
79098	1
115727	1
84186	7
157313	21
9098	40
1159	230
64777	245
10036	7
25873	49
29949	95
8621	14
221184	8
26098	24
55347	359
3581	8
56891	4
55095	24
51079	17
8408	1
57128	317
2138	1
2548	8
10454	1
63931	427
8148	14
3356	1
11047	2
5304	8
85291	4
3054	7
6288	10
1381	22
55756	14
84699	7
8321	1
7251	8
845	7
5468	7
6461	8
6549	8
102724652	471
57142	4
54462	14
4796	5
2966	14
6273	221
29102	14
23037	169
79576	14
10910	24
22950	20
1949	8
1832	1
170622	67
140609	4
25862	7
10124	4
6532	1
51778	1
4725	17
6307	6
5139	24
23305	739
22869	7
23639	8
353141	4
26040	25
54935	108
196528	7
9311	1
2161	10
84168	1
1316	7
79949	8
51642	97
27104	70
78999	4
25876	32
54788	24
55219	7
286151	21
79001	258
56006	49
8202	7
5270	10
6208	49
6050	8
10763	8
537	698
23221	24
55231	177
57631	250
85293	4
5352	2
8471	8
117177	120
1513	10
2668	316
57572	250
54845	6
27347	78
10961	303
112476	204
4925	7
6476	1
4709	17
55768	2
3659	128
7264	137
220988	14
2131	85
1263	5
6745	5
151888	8
6877	7
255626	5
55330	282
22902	5
3758	1
2537	128
114815	145
4950	1
53822	275
146845	20
5872	7
58484	1
2915	1
29883	112
6900	1
54716	4
51479	620
60488	710
4846	1
56851	327
6712	8
53353	10
9656	5
79922	4
10636	1
158405	14
9365	8
137529	5
4194	5
5163	167
163071	151
80254	203
10487	8
284656	1
80206	1
64857	1
23344	621
3737	1
7291	7
133396	8
64399	190
9221	14
84262	2
53407	69
57096	203
6788	20
2737	115
1356	598
56904	8
6543	24
5535	2
9935	7
29922	4
3150	1
27229	4
130540	689
112399	7
254065	14
151254	4
6599	7
56142	1
54952	14
123016	35
6096	7
1746	7
56203	537
27131	8
85363	2
92999	7
26517	736
51555	1
59338	1
387103	9
63948	4
23774	5
10361	49
11026	70
7468	7
80146	1
257629	641
9074	180
8643	190
23225	14
22974	5
29901	2
5996	1
8454	2
23621	184
7011	5
5028	256
387332	7
84951	8
114836	8
28986	1
374403	4
7846	20
55466	24
9134	5
84259	9
9369	1
191	34
4641	7
966	8
23659	260
889	1
7090	7
285671	115
81030	1
10714	5
9905	14
81631	1
55118	21
55278	655
3547	39
23586	1
3549	190
1215	219
3747	1
2491	21
4656	7
55825	589
130940	5
7175	14
9744	8
200958	8
3603	1
8473	7
26136	8
2645	646
51684	119
705	4
64223	1
25959	4
114879	718
1828	591
1843	1
25894	14
3017	7
10615	4
230	137
23190	57
10747	10
11082	8
54930	155
728340	14
150275	24
9491	4
55276	90
5308	7
127557	4
7869	8
9276	211
79269	9
10930	14
55300	8
5110	7
23568	687
4643	509
57560	735
8996	1
9939	49
2195	1
10490	204
2132	85
54939	67
148266	4
51316	4
7920	225
54918	406
4690	8
23526	1
6135	49
55055	21
3551	1
389434	92
54883	4
7556	7
103	14
8987	1
1939	49
25814	42
51474	8
150483	4
92305	2
55069	5
92906	14
11091	7
111	1
57161	94
7052	10
27336	14
311	8
3037	738
152	24
54103	10
8204	7
1033	5
5669	10
56242	4
8139	1
1830	145
126070	4
3726	7
81669	14
55705	14
29110	1
1576	694
4538	225
5792	8
5192	728
3316	7
3094	7
6836	351
10553	402
83942	87
222546	4
55286	20
115509	14
253461	236
25803	7
91147	731
274	8
54507	4
10797	4
63925	7
3561	8
5610	1
6300	1
11065	2
3725	7
4109	267
37	8
55207	163
4899	7
5912	1
905	14
6423	1
84687	1
11035	1
165904	8
118471	44
9992	24
9223	8
79640	7
26747	14
1612	1
23499	1
116379	189
3273	10
3915	10
102	8
23212	49
26013	7
9479	1
9685	58
50484	5
10643	14
4224	10
975	8
51086	16
3146	7
1269	1
3836	7
2641	10
4036	1
56852	5
3889	4
7528	7
51752	8
10987	9
3696	10
3486	10
56829	2
378884	79
9852	4
8722	8
27283	5
55795	2
9459	8
3670	589
84572	49
6349	56
1622	560
51082	14
284312	1
56478	4
65123	493
55035	343
7579	332
23543	4
89790	8
9349	49
51747	14
84811	14
64582	446
10732	5
28514	88
4622	221
10749	24
10534	4
117154	7
58986	7
286204	5
1417	263
10693	20
79622	592
26036	7
10750	8
28999	4
4921	8
1017	5
7421	7
373509	24
54874	8
8724	5
5080	7
1874	5
825	1
127933	5
5315	1
90850	4
54936	111
9765	722
998	1
8099	7
51309	4
147687	4
9518	4
26085	10
2975	403
126868	4
8128	669
89876	257
196883	115
22834	7
6636	14
10229	743
4999	5
54903	731
1277	10
11188	68
83461	2
3394	8
25930	8
57646	5
1112	108
143425	169
796	143
10316	329
64326	9
26251	516
1801	24
3909	10
51738	713
6653	184
140032	49
682	2
9172	16
10092	117
5896	7
2357	1
113878	4
1837	172
8941	8
7419	680
11236	7
92482	35
6386	4
6348	56
64793	104
5539	732
656	39
9985	21
55527	302
2295	7
286514	4
8481	203
4133	8
917	8
23705	375
9610	24
8835	8
6734	49
11213	94
129285	644
84570	143
9892	58
5009	130
10985	14
1747	1
6401	8
22893	4
818	1
64359	20
3020	7
8076	10
29946	4
84126	5
153241	345
144165	4
6887	7
2972	5
7083	5
25941	70
619279	5
2291	7
8357	7
9818	14
1198	14
10521	14
3978	5
85439	58
6249	21
54997	582
253980	5
81539	214
10746	1
9663	5
5147	1
282809	20
2792	294
9788	165
84181	7
283106	7
3135	131
57707	4
1938	49
2289	24
58525	7
8120	1
9982	174
246184	149
9925	4
51106	567
5885	21
8079	24
55197	7
143187	204
221079	7
114781	9
56652	5
58485	120
55421	14
1124	382
56905	49
6357	56
7305	196
284403	1
3586	683
6389	450
4520	4
3012	7
144717	59
3122	8
57719	743
81876	59
23369	259
2162	10
733	507
6919	14
55904	98
122060	4
29123	7
56034	8
55264	107
9666	2
5873	101
56246	312
26094	9
7805	58
10954	133
815	1
7841	511
102724594	14
27302	39
9928	345
4077	1
2044	8
121268	1
6993	179
10105	1
9051	8
54739	128
6817	689
142891	87
10586	4
51400	20
66008	1
4335	7
1508	10
22999	204
79596	112
1191	106
2700	1
25798	184
79840	5
284114	24
5305	8
83858	20
84135	49
5034	10
6622	1
29763	8
103910	16
79718	7
9027	87
50859	10
81550	4
11337	1
10130	1
6668	7
7399	641
6755	685
80127	5
10495	113
4864	718
695	8
129831	9
59343	7
900	5
220965	4
462	10
10332	8
7791	8
25998	8
92285	1
2584	137
57798	7
8737	1
29099	67
28988	8
6183	427
4902	316
6911	269
114825	7
164656	10
10635	344
7005	430
3814	531
3507	8
7913	7
30000	14
58486	7
116496	49
26272	2
11122	1
170482	149
3987	495
80739	8
8175	14
26471	7
54538	198
655	39
6953	1
348995	14
66037	259
51004	734
11137	9
2193	742
130916	6
23248	14
4753	4
57405	21
51574	14
9180	8
9572	7
376267	437
90627	1
663	1
94233	1
4726	17
64949	710
8988	5
118611	5
90993	122
55521	21
5371	7
2272	7
488	1
6427	14
84298	283
55	245
8683	14
54932	4
54872	141
5119	222
84823	8
10139	8
138046	4
7753	4
84722	9
90459	14
2920	15
90594	4
92140	7
221692	8
57761	5
92369	1
79042	199
4172	5
148	1
23493	7
1800	107
5744	256
7341	7
23042	595
10724	24
2579	717
9256	560
10009	7
83666	128
9611	7
115201	1
201633	473
11017	14
85027	630
3881	4
1456	1
8786	42
3795	7
435	29
245806	7
6326	193
6000	1
9179	1
5476	724
5066	1
23191	8
2004	7
124056	1
317772	7
57596	4
9870	2
2074	5
10013	1
63974	7
414062	56
64769	28
51497	14
377	184
4048	730
29090	254
10391	8
55819	2
26259	5
6363	56
8620	370
3959	10
54984	5
353139	4
8438	4
421	8
118472	589
80218	408
10938	186
11200	5
54715	4
78987	5
51	296
3656	94
7979	2
495	204
84623	8
7390	133
653781	49
10982	21
146760	194
3600	8
652991	7
51527	1
51021	427
50632	58
5218	24
5002	16
54567	7
51652	222
65268	6
79876	314
4134	7
55196	24
23780	7
910	381
4707	17
84248	14
80311	9
84197	87
282616	152
3308	1
1174	58
310	1
3675	8
5976	49
8525	172
23071	737
4793	14
120534	306
4794	7
8892	49
3304	24
4733	7
55974	383
2796	740
79736	49
51762	20
11092	5
57332	73
130340	58
5223	5
4353	598
611	294
81844	1
7284	49
5319	8
27309	4
2958	14
83637	7
79848	203
344148	8
8331	5
8993	24
7775	4
51751	631
5224	5
259266	21
387990	130
29941	1
26037	169
23604	1
285220	8
4956	4
5865	313
80173	627
813	10
3685	8
9421	7
64175	315
55536	4
9879	14
6820	689
221241	236
8341	5
26580	651
6334	1
57630	1
57473	4
23617	679
10877	8
