EntrezId	ModuleDC
23480	0
6169	0
6168	0
6123	0
6122	0
6161	0
6160	0
11224	0
6129	0
6128	0
6167	0
6175	0
6204	0
6205	0
6206	0
6207	0
6201	0
6202	0
10952	0
6208	0
6209	0
23521	0
6181	0
60559	0
6152	0
6154	0
6155	0
6156	0
6157	0
6158	0
6159	0
1915	0
6125	0
4736	0
6124	0
7311	0
6194	0
10921	0
6191	0
6192	0
6210	0
2107	0
51121	0
9349	0
2197	0
6143	0
6142	0
6141	0
6147	0
6146	0
6144	0
6217	0
6165	0
6164	0
6187	0
6223	0
6185	0
6227	0
6224	0
6228	0
6229	0
6189	0
6188	0
6193	0
4116	0
6176	0
1938	0
6170	0
6139	0
9775	0
6132	0
6133	0
6130	0
6136	0
6137	0
6134	0
6135	0
6235	0
6234	0
25873	0
6231	0
28972	0
6233	0
6232	0
1650	1
6728	1
6746	1
140801	2
6138	2
3921	2
6230	2
9045	2
8894	3
3646	3
9669	3
1977	3
1968	3
1983	3
1964	3
1965	3
1974	3
1973	3
8661	3
8662	3
8663	3
8664	3
8665	3
8666	3
8667	3
8668	3
27335	3
116832	4
200916	4
6173	4
100526842	4
6727	5
6729	5
6734	5
6747	5
91687	6
6500	6
9735	6
4085	6
378708	6
79980	6
3619	6
64105	6
2491	6
55055	6
9212	6
9700	6
79682	6
10213	6
81930	6
5432	6
6632	6
5708	6
5709	6
83443	6
5704	6
5705	6
5706	6
5707	6
5700	6
5701	6
5702	6
79019	6
699	6
5689	6
5688	6
5685	6
5684	6
5687	6
5686	6
83540	6
5683	6
5682	6
113130	6
10403	6
991	6
348995	6
401541	6
1062	6
57082	6
9861	6
6634	6
332	6
147841	6
151648	6
4686	6
55166	6
5347	6
5719	6
51377	6
5718	6
5717	6
64946	6
1063	6
5714	6
5713	6
5710	6
5692	6
5693	6
5690	6
5691	6
54908	6
5694	6
5695	6
143471	6
9978	6
1058	6
55143	6
54821	6
51065	7
51319	7
51081	7
9343	8
5437	8
84844	8
3178	8
6628	8
6629	8
6626	8
6633	8
6635	8
6637	8
6636	8
5433	8
5436	8
7307	8
5434	8
5435	8
51639	8
5438	8
5439	8
5440	8
9410	8
10907	8
4809	8
5441	8
55746	8
6837	9
9128	9
10189	9
9477	9
112950	9
23594	9
10025	9
8175	9
54797	9
6432	9
6431	9
6430	9
7157	9
10992	9
4670	9
23649	9
8106	9
990	9
1024	9
5557	9
5469	9
11338	9
9862	9
4174	9
4176	9
4171	9
4172	9
4173	9
7314	9
5427	9
5426	9
5422	9
10594	9
5887	9
10001	9
8683	9
5886	9
6627	9
84246	9
219541	9
7321	9
400569	9
4175	9
3181	9
1017	9
29079	9
5001	9
5000	9
55588	9
9282	9
9439	9
55090	9
9442	9
9441	9
9440	9
8454	9
23451	9
23450	9
8318	9
23097	9
6426	9
6427	9
1981	9
6428	9
6429	9
80306	9
90390	9
9412	9
8317	9
23020	9
10946	9
9968	9
9969	9
4998	9
4999	9
988	10
220988	10
10291	10
892	10
51692	10
79902	10
9183	10
11130	10
23091	10
10250	10
5430	10
5431	10
2521	10
5925	10
6117	10
51003	10
3185	10
22826	10
3187	10
9785	10
9416	10
6118	10
81620	10
1479	10
4635	11
7139	11
4621	11
88	11
4624	11
7170	11
4626	11
4634	11
7138	11
7125	11
7137	11
7136	11
4633	11
7168	11
7169	11
4703	11
4632	11
129685	12
9126	12
8450	12
9533	12
8290	12
498	12
6606	12
6878	12
6877	12
6874	12
6873	12
6872	12
1161	12
83444	12
10856	12
6434	12
80143	12
9972	12
5905	12
65109	12
10621	12
8428	12
51138	12
8900	12
283899	12
521	12
7298	12
509	12
57122	12
5518	12
6883	12
6880	12
6241	12
6950	12
10445	12
8533	12
23279	12
1642	12
129401	12
7871	12
26127	12
10920	12
23165	12
7528	12
10494	12
50813	12
908	12
539	12
1660	12
6879	12
6607	12
8607	12
10476	12
6741	12
10236	12
5885	12
10574	12
10575	12
93973	12
86	12
10576	12
23225	12
51362	12
8480	12
140890	12
25843	12
4927	12
518	12
6788	12
53981	12
10694	12
85369	12
51765	12
51082	12
522	12
55703	12
6908	12
2873	12
55257	12
898	12
4193	12
171568	12
125476	12
79913	12
8451	12
9318	12
54617	12
26271	12
22948	12
1643	12
9295	12
10987	12
10980	12
27316	12
7203	12
8487	12
9551	12
4798	12
513	12
516	12
515	12
514	12
517	12
506	12
25942	13
6595	13
6598	13
6599	13
6601	13
6602	13
6603	13
6605	13
112597	13
9631	13
57492	13
5947	13
2885	13
6760	13
5903	13
10524	13
23511	13
25929	13
3190	13
9688	13
10933	13
3837	13
3621	13
55929	13
9112	13
57459	13
6714	13
8021	13
57634	13
9643	13
8289	13
25855	13
84312	13
1108	13
10902	13
5977	13
8819	13
5393	14
29882	14
5394	14
29945	14
29966	14
9092	14
23517	14
5520	14
23404	14
246184	14
11340	14
56915	14
22938	14
64682	14
55917	14
25847	14
5983	14
51343	14
51433	14
5984	14
5985	14
8881	14
25906	14
51678	14
23016	14
10480	14
22894	14
118460	14
996	14
4087	14
51386	14
6801	14
10393	14
10200	14
8697	14
6119	14
51010	14
115752	14
119504	14
51013	14
54512	14
27338	14
27339	14
4751	14
5159	15
53371	15
6850	15
29888	15
983	15
55320	15
5295	15
5521	15
5522	15
8295	15
5747	15
7965	15
5071	15
26512	15
6944	15
25	15
2321	15
1969	15
55294	15
80314	15
4233	15
1615	15
4141	15
54799	15
1107	15
11339	15
54556	15
10762	15
5781	15
7884	15
54815	15
9255	15
53615	15
55355	15
613	15
8065	15
79084	15
3735	15
9521	15
5531	15
9219	15
9846	15
2185	15
4609	15
51520	15
11218	15
5515	15
54069	15
5516	15
3476	15
3376	15
79833	15
8089	15
867	15
7189	15
5979	15
80789	15
57504	15
8932	15
2058	15
5917	15
2064	15
5859	15
2534	15
8452	15
11128	16
51728	16
27297	16
661	16
10949	17
3191	17
5725	17
7283	18
254394	18
9837	18
60	18
28996	18
10109	18
100526693	18
6923	18
9325	18
2309	18
2308	18
4067	18
1616	18
2549	18
7329	18
2078	18
2176	18
121441	18
1399	18
2033	18
2177	18
142	18
3815	18
3937	18
3932	18
8453	18
2959	18
10399	18
2188	18
51659	18
2274	18
10097	18
10096	18
6790	18
10094	18
6776	18
6464	18
84296	18
3091	18
1387	18
4738	18
84661	19
9739	19
572	19
23512	19
8743	19
3717	19
27040	19
6604	19
7249	19
10413	19
2099	19
2889	19
5371	19
4140	19
58477	19
26038	19
80335	19
2011	19
85509	19
995	19
30827	19
10735	19
993	19
8772	19
2175	19
51564	19
1956	19
2187	19
2189	19
3643	19
9020	19
79023	19
80233	19
3560	19
91442	19
7531	19
6396	19
4486	19
8099	19
125997	19
8837	19
9612	19
3636	19
3635	19
3276	19
3066	19
23636	19
10971	19
23471	19
4928	19
3843	19
7248	19
10726	19
1398	19
7409	19
2178	19
64919	19
5929	19
1654	19
4215	19
3667	19
57697	19
81929	19
8202	19
6730	19
25909	19
5771	19
8243	19
3054	19
3055	19
8795	19
8797	19
843	19
55120	19
6777	19
6772	19
860	19
23028	19
25836	19
5931	19
23063	19
7181	19
7185	19
201254	19
1315	20
1314	20
84955	20
9276	20
26958	20
11316	20
22818	20
372	20
22820	20
6871	21
57332	21
64750	21
23411	21
54507	21
23466	21
23326	21
6045	21
891	21
7486	21
3846	21
8554	21
353132	21
1911	21
5468	21
1912	21
55689	21
386681	21
1051	21
1810	21
7703	21
5111	21
7161	21
199834	21
688	21
85291	21
26121	21
648	21
83899	21
51562	21
3198	21
10401	22
29760	22
51690	22
2962	22
27257	22
6813	22
6814	22
80145	22
25804	22
7919	22
8563	22
3725	22
9984	22
1439	22
6749	22
10657	22
5777	22
1436	22
84321	22
11157	22
5970	22
2057	22
7535	22
9021	22
4914	22
23658	22
6667	22
27258	22
2068	22
10603	22
50628	22
57187	22
8651	22
5335	22
2113	22
4790	22
79228	22
4704	23
4729	23
4728	23
4720	23
4723	23
4719	23
374291	23
4695	23
4722	23
9382	24
22796	24
91949	24
10466	24
84342	24
83548	24
57511	24
25839	24
22976	25
30011	25
23551	25
2963	25
10320	25
9531	25
2091	25
7343	25
5770	25
4361	25
3572	25
9636	25
51305	25
4940	25
5829	25
79101	25
6773	25
9564	25
4089	25
2114	25
1460	25
994	25
9063	25
10521	25
5062	25
1793	25
675	25
91750	25
673	25
10844	25
4605	25
7048	25
4600	25
10111	25
1025	25
9014	25
114791	25
1021	25
57649	25
3875	25
9015	25
4939	25
6654	25
60598	25
1454	25
286826	25
10808	25
7533	25
29127	25
7529	25
7403	25
3665	25
3777	25
54700	25
10273	25
9459	25
9611	25
5296	25
2634	25
23309	25
2908	25
58508	25
64326	25
9656	25
9013	25
6625	25
440145	25
5888	25
9493	25
3433	25
3434	25
10382	25
3437	25
1111	25
5927	25
1019	25
367	25
55664	25
27229	25
2288	25
8517	25
9156	25
6829	25
3669	25
998	25
80097	25
3310	25
7029	25
10426	25
57798	25
3429	25
5879	25
84126	25
56946	25
85378	25
472	25
5932	25
57154	25
64960	26
51116	26
6183	26
64965	26
55173	26
64969	26
10093	27
10092	27
10552	27
10095	27
81873	27
57180	27
1788	28
1789	28
23557	28
27097	28
6839	28
4184	28
8535	28
1874	28
100996763	28
974	28
1967	28
1958	28
117144	28
933	28
653240	28
930	28
23118	28
63915	28
55330	28
467	28
7704	28
55337	28
7046	28
9586	28
7128	28
1869	28
6015	28
161	28
84108	28
1452	28
282991	28
2060	28
81858	28
595	28
10002	28
602	28
4088	28
10539	28
6907	28
112869	28
1487	28
8891	28
55072	28
10592	28
4287	28
56970	28
353145	28
8767	28
3184	28
26258	28
9958	28
3480	28
84733	28
8841	28
100532731	28
388552	28
54892	28
4217	28
1173	28
2874	28
2647	28
8314	28
10051	28
84062	28
23310	28
22907	28
8850	28
841	28
83755	28
8893	28
8892	28
8890	28
8648	28
386675	28
386678	28
29924	28
7186	28
23476	29
4299	29
904	29
3716	30
65057	30
54881	30
112495	30
5898	30
9328	30
9329	30
7341	30
7014	30
7013	30
5562	30
64151	30
3312	30
3455	30
93323	30
6613	30
26277	30
23013	30
79184	30
162	30
8905	30
54386	30
8907	30
23397	30
84676	30
2623	30
54778	30
7391	30
9330	30
10054	30
10053	30
10640	30
23239	30
81887	30
60412	30
22924	30
11336	30
164	30
8338	30
2275	30
29086	30
7006	30
149371	30
7067	30
26168	30
9577	30
25913	30
54801	30
9918	30
10598	30
55142	30
2690	30
1234	30
10274	30
1080	30
115106	30
219333	30
1174	30
3065	30
3064	30
10982	30
10362	30
57599	30
5564	30
5451	30
7520	30
7205	30
5563	30
1441	30
23035	30
10055	30
2648	30
64426	30
91833	30
55729	30
3622	30
23354	30
54930	30
10036	30
2976	30
51720	30
2975	30
64854	30
6886	30
6774	30
375	30
695	30
5571	30
51422	30
9793	30
55770	30
6663	30
51317	30
79595	30
27241	31
123016	31
582	31
583	31
585	31
55212	31
129880	31
23203	32
1326	32
60485	32
9479	32
23542	32
3656	32
5609	32
9815	32
55233	32
7538	32
51135	32
8737	32
92597	32
54464	32
26019	32
5063	32
9113	32
369	32
11213	32
3265	32
5290	32
26524	32
10746	32
7124	32
8471	32
4791	32
10469	32
134266	32
8874	32
92609	32
23162	32
9512	32
7532	32
80273	32
79155	32
57161	32
2966	33
404672	33
2968	33
728340	33
22994	34
80184	34
55722	34
79848	34
64770	34
9851	34
10464	34
145508	34
9662	34
22832	34
11116	34
657	35
4091	35
10454	35
27243	36
128866	36
25978	36
9525	36
29082	36
27183	36
9125	37
1786	37
4436	37
8467	37
5664	37
258010	37
3364	37
7153	37
7514	37
27327	37
545	37
29978	37
10527	37
468	37
9134	37
9709	37
3726	37
55829	37
3280	37
1027	37
1026	37
84333	37
4683	37
79139	37
5901	37
1457	37
10499	37
2353	37
1386	37
29883	37
196	37
84447	37
5883	37
11200	37
23429	37
3146	37
25842	37
51009	37
7323	37
246175	37
4848	37
4849	37
144715	37
5928	37
894	37
3660	37
3842	37
10498	37
10138	37
64319	37
23197	37
7337	37
6502	37
641	37
122953	37
7465	37
4851	37
523	38
51382	38
7353	38
11335	38
672	38
55666	38
9296	38
8353	38
2547	38
525	38
526	38
7415	38
10953	38
529	38
51606	38
3710	39
79090	39
2773	39
10278	39
5605	39
7220	39
7223	39
7222	39
7225	39
7224	39
3739	39
3738	39
3737	39
22878	39
7454	39
857	39
10188	39
3736	39
5782	39
51399	39
409	39
117177	39
3741	39
10013	39
7109	39
4543	39
4544	39
5590	39
5594	39
5604	39
27095	39
1459	39
54148	40
51253	40
51069	40
3396	40
64978	40
10573	40
65005	40
11222	40
84861	41
55958	41
90293	41
51164	42
1781	42
1783	42
1778	42
6993	42
10540	42
51143	42
55860	42
10121	42
10120	42
83658	42
4839	43
3554	43
5610	43
10969	43
114609	43
117246	43
353376	43
4615	43
3625	44
3624	44
3626	44
8481	45
117178	45
5108	45
165055	45
54623	46
4300	46
4298	46
22936	46
8178	46
23168	46
9646	46
27125	46
80349	46
8085	47
9070	47
23030	47
2965	48
2289	48
5536	48
3326	48
5914	48
7182	48
11140	48
6257	48
7376	48
6258	48
2072	48
29110	48
7508	48
4301	49
23049	49
55181	49
102724652	49
8541	49
5500	49
79576	49
3798	49
84619	49
5504	49
10951	49
3761	49
23126	49
3831	49
283489	49
10207	49
7041	49
197370	49
6449	49
51160	49
5265	49
2316	49
51271	49
2146	49
2145	49
1665	49
51602	49
8500	49
2906	49
55835	49
3273	49
5786	49
121536	49
51361	49
51608	49
64398	49
1409	49
29911	49
89953	49
200081	49
6303	49
1933	49
1937	49
1936	49
3315	49
2041	49
84687	49
79959	49
51421	49
7375	49
23381	49
79598	49
7422	49
439	49
11124	49
1003	49
3759	49
79677	49
64343	49
9738	49
137492	49
2922	49
56160	49
50855	49
114034	49
56288	49
7015	49
2051	49
1420	49
7159	49
5230	49
8825	49
93343	49
8828	49
8829	49
5789	49
7293	49
3604	49
23137	49
9584	49
226	49
3720	49
8499	49
286053	49
5345	49
5228	49
5340	49
861	49
23293	49
7167	49
84376	49
84461	49
2023	49
7407	49
10928	49
167838	49
6498	49
9618	49
64400	49
238	49
2048	49
9221	49
54971	49
10572	49
5802	49
56006	49
8161	49
50943	49
80254	49
2268	49
943	49
25937	49
7187	49
10296	50
6927	50
9871	50
5580	50
10891	50
8650	50
5465	50
3172	50
4688	50
4689	50
10802	50
10048	50
2735	50
64795	50
5881	50
5880	50
397	50
396	50
398	50
9632	50
4289	50
10484	50
54994	50
103910	50
9319	50
388	50
389	50
10427	50
3551	50
7068	50
1536	50
1535	50
8856	50
51025	51
131118	51
10440	51
11190	52
57132	52
3320	52
10452	52
10210	52
26270	52
7534	52
6844	52
64223	52
167227	52
4137	52
10617	52
6857	52
340061	52
317	52
84131	52
10972	52
839	52
6304	52
3661	52
54543	52
55802	52
2931	52
9641	52
5481	52
6271	52
6273	52
7277	52
3092	52
51107	52
10869	52
4957	52
56993	52
2475	52
5663	52
7345	52
7411	52
7416	52
10815	52
23644	52
26523	52
10018	52
7846	52
10017	52
4170	52
51510	52
63943	52
11160	52
5119	52
9101	52
10471	52
64798	52
5201	52
23586	52
5203	52
5202	52
5204	52
9868	52
9804	52
80153	52
801	52
10062	53
8079	53
23532	53
23412	53
1147	53
573	53
9530	53
7043	53
58533	53
6921	53
22879	53
10542	53
3856	53
3217	53
8270	53
1837	53
56893	53
3123	53
11284	53
7150	53
9616	53
655	53
6047	53
650	53
389541	53
200558	53
28964	53
658	53
7518	53
8431	53
1213	53
65082	53
637	53
23640	53
3608	53
55823	53
4602	53
6955	53
6957	53
25898	53
5429	53
3880	53
64121	53
51035	53
51053	53
28952	53
55644	53
2022	53
28956	53
7405	53
659	53
51122	53
7402	53
51397	53
170622	53
7874	53
3309	53
7132	53
3303	53
4691	53
57617	53
5411	53
7322	53
6643	53
10155	53
22955	53
94	53
9306	53
3183	53
1756	53
329	53
150684	53
54520	53
4093	53
4214	53
64421	53
23062	53
580	53
581	53
3953	53
8204	53
8200	53
387	53
4792	53
4793	53
5591	53
58528	53
9557	53
7421	53
8723	53
3981	53
55004	53
2214	54
920	54
914	54
5788	54
79074	55
283742	55
1653	55
51637	55
51493	55
8615	56
23256	56
51272	56
9527	56
4905	56
10652	56
10556	57
10799	57
10775	57
11102	57
10940	57
54913	57
29088	58
64976	58
54534	58
9801	58
28998	58
23363	59
83987	59
26259	59
9820	59
55845	60
10787	60
4690	60
26999	60
5499	61
8864	61
1855	61
8165	61
267	61
8312	61
8266	61
5187	61
5575	61
5573	61
1453	61
8975	61
2147	62
2244	62
2165	62
143187	63
8887	63
3592	63
2969	63
55611	63
6722	63
134	63
22834	63
5585	63
6002	63
51264	63
6249	63
57630	63
2911	63
8224	63
2915	63
9371	63
54948	63
22920	63
23379	63
28981	63
5592	63
5595	63
154796	63
5911	63
23286	63
6854	63
708	63
597	63
599	63
274	63
5608	63
3675	63
3579	63
3577	63
3576	63
8880	63
57591	63
65008	63
1400	63
8739	63
65003	63
85403	63
1390	63
79664	63
9722	63
9721	63
54715	63
56896	63
11127	63
9482	63
100	63
842	63
5578	63
2570	63
649	63
3593	63
4188	63
3595	63
3594	63
79577	63
147872	63
7916	63
2569	63
140735	63
8945	63
6853	63
1639	63
58473	63
79589	63
23390	63
5867	63
29894	63
8100	63
638	63
9139	63
6616	63
90	63
23236	63
80173	63
863	63
6195	63
4294	63
6596	63
9454	63
83593	63
9457	63
26353	63
93649	63
89885	63
1812	63
8674	63
3914	63
3918	63
92906	63
7336	63
7334	63
1809	63
1808	63
5093	63
9675	64
3308	64
10026	64
9039	64
6622	64
8883	64
9894	64
8733	64
80185	64
94005	64
9040	64
5300	64
128869	64
65018	64
51604	64
84441	65
4855	65
55534	65
9794	65
665	66
8087	66
27043	66
9779	66
339287	66
10458	66
55297	66
1838	66
6640	66
6641	66
84557	66
8908	66
2017	66
54737	66
10282	66
7045	66
11276	66
4036	66
4237	66
2998	66
26088	66
4478	66
2992	66
2997	66
6251	66
89890	66
377	66
114569	66
23468	66
8440	66
1822	66
3676	66
3383	66
8968	66
55742	66
89882	66
6300	66
10228	66
5321	66
53632	66
23095	66
27018	66
79813	66
22866	66
63908	66
11091	66
3695	66
8350	66
83878	66
9874	66
7917	66
2201	66
7094	66
1634	66
11011	66
26136	66
5783	66
653361	66
51225	66
8773	66
9404	66
11345	66
23647	66
55167	66
11337	66
2632	66
3689	66
7163	66
1282	66
7165	66
6693	66
1741	66
6811	66
8076	66
84078	66
1759	66
4316	66
8550	66
51466	66
81550	66
1285	66
2332	66
1286	66
4155	66
11161	66
356	66
355	66
7468	66
6331	66
89870	66
2533	66
10943	66
3987	66
9076	67
84870	67
57521	67
55610	67
9672	67
10459	67
9776	67
10101	67
3553	67
3552	67
3122	67
2246	67
51282	67
2919	67
5145	67
9377	67
9821	67
8022	67
1499	67
3339	67
7122	67
5308	67
127557	67
1829	67
1828	67
1824	67
1823	67
26003	67
2792	67
293	67
3827	67
653121	67
596	67
4323	67
3274	67
6383	67
6382	67
3673	67
3670	67
8321	67
8322	67
4282	67
837	67
22999	67
2261	67
2769	67
55888	67
2934	67
2932	67
64428	67
108	67
6934	67
5825	67
5824	67
9391	67
382	67
1537	67
6372	67
54780	67
2161	67
2160	67
56998	67
4100	67
7536	67
407	67
51132	67
738	67
284654	67
639	67
6804	67
10009	67
3105	67
4772	67
57142	67
4778	67
4779	67
1991	67
4682	67
6293	67
51339	67
1511	67
550	67
26519	67
11325	67
26515	67
5724	67
2035	67
340419	67
29763	67
91653	67
6389	67
23350	67
5830	67
6374	67
11252	67
54535	67
4512	67
351	67
4513	67
8853	67
215	67
84991	67
11074	67
7381	67
7386	67
7384	67
493	67
3973	67
27165	67
2155	67
2153	67
4988	67
5164	67
2158	67
23291	67
408	67
2317	67
29993	67
7253	67
6392	67
8878	67
6390	67
6391	67
387032	67
3845	67
4131	67
80321	67
2778	67
2779	67
8036	67
4893	67
2776	67
6925	67
111	67
7039	67
84133	67
5318	67
5568	67
2305	67
80125	67
1656	67
5910	67
2677	67
29928	67
1007	67
1005	67
29922	67
8050	67
9124	67
624	67
2921	67
2920	67
1345	67
7850	67
81565	67
5158	67
1739	67
1738	67
972	67
8239	67
2811	67
26520	67
225	67
6400	67
7089	67
10497	67
83667	67
1740	67
55366	67
153	67
154	67
157	67
59341	67
4763	67
8324	67
4009	67
3108	67
3109	67
5195	67
5194	67
5191	67
5193	67
320	67
55275	67
5162	67
5163	67
4097	67
1340	67
3984	67
60673	67
51465	67
51542	67
1365	67
50937	67
7030	68
22797	68
7942	68
5289	69
30849	69
9711	69
22863	69
55763	69
3597	70
3596	70
3565	70
731	71
733	71
732	71
735	71
2101	72
55629	72
2104	72
6707	73
3713	73
4014	73
714	74
713	74
5806	74
214	75
3958	75
923	75
2617	76
440	76
16	76
80700	77
79609	77
79058	77
6363	78
10563	78
1236	78
2826	78
6366	78
57135	79
1617	79
23369	79
1618	79
55651	80
55505	80
92345	80
23587	81
26610	81
55140	81
7517	82
5892	82
126074	82
2902	83
2904	83
116443	83
22919	84
203068	84
8655	84
81	85
87	85
6678	85
85439	86
6453	86
58513	86
2335	87
1280	87
712	87
11030	88
55048	88
84970	88
832	89
829	89
387680	89
1432	90
9149	90
5606	90
6340	91
6337	91
6338	91
5160	92
38	92
5166	92
54704	92
1737	92
56144	93
6783	93
27161	93
2661	93
1031	93
9869	93
8575	93
6938	93
84966	93
3428	93
3397	93
3399	93
23405	93
2005	93
22930	94
25782	94
9217	94
4057	95
4069	95
3933	95
55135	96
54433	96
1736	96
3949	97
5649	97
4043	97
1600	97
7436	97
9784	97
57463	98
386724	98
347902	98
5148	99
1785	99
9322	99
144501	100
154313	100
9470	100
84817	100
51061	100
54763	100
53340	100
5021	100
5020	100
10566	100
114928	100
53905	100
3375	100
54474	100
551	100
3866	100
7173	100
796	100
799	100
7433	100
1392	100
91544	100
10266	100
10267	100
114822	100
10203	100
10007	101
132789	101
23635	101
2130	101
8861	101
51005	101
23648	101
4010	101
948	102
975	102
4191	102
3655	102
2806	102
5738	102
977	102
5091	102
871	102
928	102
3732	102
2862	103
2847	103
8620	103
3479	103
3101	103
51738	103
3952	103
2587	103
4312	103
4319	103
3483	103
63827	103
4886	103
3486	103
10886	103
3487	103
4852	103
2692	103
2110	104
2109	104
2108	104
144363	104
9353	105
54538	105
6091	105
6092	105
55317	106
55745	106
91056	106
56667	107
56913	107
29071	107
57017	108
51805	108
51004	108
51117	108
84274	108
6444	109
6445	109
6443	109
84153	110
79621	110
10535	110
348980	111
610	111
10021	111
2597	112
10645	112
8536	112
814	112
4842	112
5277	113
5283	113
9091	113
8813	113
54344	113
8818	113
57409	114
6840	114
11269	114
2040	114
5634	114
5635	114
5636	114
5631	114
40	114
41	114
593	115
152926	115
594	115
55973	116
10134	116
3495	116
3421	117
3420	117
3419	117
53832	118
53833	118
29949	118
50604	118
116113	119
93986	119
27086	119
55670	120
5189	120
5190	120
64072	121
4647	121
10083	121
4148	122
4146	122
8785	122
60560	123
122830	123
84316	123
26285	124
137075	124
9080	124
3751	125
30819	125
3752	125
30820	125
29974	126
10659	126
339	126
3588	127
3586	127
3587	127
1943	128
2044	128
285220	128
1945	128
3351	129
3350	129
3352	129
165679	130
55304	130
9517	130
171546	130
2200	131
30008	131
2199	131
10152	132
4005	132
339834	132
3760	133
3763	133
3765	133
1325	134
57530	134
7082	134
6752	134
6753	134
6750	134
6755	134
50848	134
26150	135
57596	135
7431	135
3983	135
10450	136
9716	136
91603	136
183	137
186	137
1636	137
6354	138
1232	138
7130	138
6373	138
2833	138
1272	139
5787	139
3371	139
3481	140
3488	140
7018	140
8904	141
5962	141
131034	141
10016	141
2832	142
2831	142
256933	142
283869	142
50846	143
3549	143
64399	143
8643	143
4880	144
4882	144
4883	144
4879	144
